data/carea.asc
NCOLS 367
NROWS 415
XLLCORNER 712367.5000000000
YLLCORNER 9557227.5000000000
CELLSIZE 10.000000
NODATA_VALUE -99999.00000
[rows 300 to 324 of 415, columns 174 to 231 of 367]
334.37503 321.40683 310.59598 330.16077 386.46091 418.94025 417.40228 434.38940 477.83609 586.91064 799.81323 918.99072 902.29083 785.95813 624.75989 557.58807 637.64886 866.21381 957.39087 839.45581 847.27991 937.79449 959.64270 1017.43262 1058.38159 965.84399 877.19843 908.96637 1051.89844 1238.83911 1328.96033 1260.30042 1070.16064 967.20813 1249.70959 1317.04968 1105.47949 1231.15027 1441.50964 1549.96191 1668.40283 1845.65454 2234.38062 2903.81519 3483.93506 3463.14307 2739.79956 1945.07312 1593.33704 1459.97595 1678.60303 2224.94800 2727.96826 3259.01807 5617.61914 9983.49512 4979.12744 3023.13086
214.72536 219.60910 229.13103 258.01917 308.32855 332.40131 324.12018 323.06326 338.02975 403.85800 568.72644 717.04138 734.86774 643.46210 535.42175 487.46213 546.26666 782.76624 945.87250 780.04303 694.52509 785.23529 821.37280 870.74835 937.42841 880.30072 820.93707 835.72321 913.29004 1020.12311 1099.84045 1122.14819 1079.16846 1044.71130 1101.17493 1113.30457 1047.22229 1029.47449 1082.51160 1216.61194 1418.00415 1589.51587 1792.79150 2318.28369 3045.80396 3428.65454 3117.37231 2383.47046 1866.82202 1688.28845 1922.20020 2457.77539 2979.16382 3238.53955 3372.02979 5932.92334 5663.27441 4265.96289
148.05466 147.11356 157.16170 182.87259 223.45119 247.12042 252.41916 254.20088 252.69620 273.07953 386.20023 558.16718 593.01703 506.82230 431.12851 406.90588 459.83243 633.62738 824.80786 723.09332 622.33966 691.64984 744.82410 779.62238 806.63739 782.79926 755.19360 755.18134 783.19196 834.81653 901.19226 968.19037 1023.70966 1026.16980 999.25507 993.59979 965.09589 900.56104 858.35339 916.62567 1090.53943 1302.61584 1468.55347 1817.19116 2490.16162 3099.30322 3211.61108 2803.15503 2268.87988 2012.49658 2174.32715 2619.10059 2922.50562 2677.42798 2216.58887 2379.55786 3204.52808 3959.62524
173.18690 145.60611 133.67647 149.89995 171.61115 190.43880 199.66220 197.54143 189.90079 181.57782 262.81799 415.17749 446.13632 394.52515 343.89420 337.61578 386.01263 497.25531 608.03644 599.36859 574.43097 632.19714 695.75806 703.37036 697.20062 696.46240 687.32629 675.01453 671.64844 691.63501 743.38940 825.66760 903.60767 924.80383 904.81665 909.38922 905.01263 813.98523 716.83691 710.26984 804.12036 957.15027 1143.71472 1445.13879 1968.36169 2591.47827 3035.30151 3042.01172 2692.04492 2356.57202 2315.68823 2514.77417 2605.52490 2258.85107 1651.68567 1349.80237 1597.70789 2412.38574
234.52516 207.04956 202.24704 204.02963 202.72789 200.52019 191.37744 172.85178 154.03058 145.62221 186.06439 269.49869 306.34018 293.09576 271.99460 274.92380 315.38675 381.57025 429.79431 447.35617 473.51709 546.63922 622.61694 620.76752 613.08704 625.31122 622.53052 599.32416 576.83832 574.24921 607.09589 679.97595 756.57184 790.77649 797.45068 831.77490 867.99738 765.65417 622.11804 579.69739 620.23657 695.40216 829.66138 1106.76721 1546.07312 2067.30835 2628.92969 3025.62720 2970.28760 2628.57446 2419.53027 2486.58423 2498.73340 2039.23071 1370.53320 1018.62354 1029.04944 1339.55969
289.68576 274.44397 308.32065 335.31577 303.91422 265.28296 239.10976 216.38997 195.95287 176.94778 175.98062 198.77930 215.53052 212.42389 204.65460 211.42416 240.07349 279.98157 306.97754 328.08777 369.72345 433.79382 496.61121 510.30707 526.23303 552.42639 554.78027 525.14087 490.87982 474.49808 485.42203 534.29669 600.51501 645.22412 674.33545 725.81458 803.99817 748.04980 566.07727 501.08075 519.77332 569.11218 684.49329 948.43695 1319.70251 1690.59253 2173.15039 2760.55542 2979.89185 2709.45923 2432.13110 2445.36841 2422.59790 1917.98071 1245.81470 903.62024 851.49060 956.34357
370.13232 378.93246 433.17090 479.92123 434.57803 358.96512 323.98386 317.89145 318.53149 297.60828 246.80104 206.54521 186.10635 172.11630 166.20253 172.77498 196.06595 226.54623 252.26364 269.48846 299.34088 332.64758 360.66013 378.05954 417.08026 461.58414 474.61270 446.67950 409.35364 386.04401 381.56766 403.19604 452.72760 505.21246 551.75726 605.83356 677.16907 680.82440 542.29645 446.30832 439.62003 487.01242 606.86090 865.42242 1222.63550 1567.07410 1978.58557 2457.35522 2736.04419 2559.45288 2309.37817 2286.57007 2304.75269 1906.26428 1258.53906 911.35492 820.08685 839.39020
487.48846 506.04517 565.76154 604.39246 553.23846 488.00354 470.62155 479.34164 478.04056 422.31015 336.05106 255.96671 202.46989 191.36078 202.23248 215.98001 240.47551 261.77264 274.32321 266.39896 269.59738 285.45297 288.39279 284.69202 302.33240 355.50589 377.95026 360.63248 328.86703 305.70020 293.74451 295.69940 323.79114 374.83453 436.32382 500.93350 558.63812 559.58051 477.22702 398.22397 377.24930 417.22946 546.03723 799.93762 1133.91699 1478.28833 1867.75281 2249.28760 2408.81812 2269.40088 2050.02026 1980.87268 2027.26807 1870.89563 1416.39990 1031.61230 856.53107 822.12085
641.55609 628.55847 658.36316 688.63647 675.11389 666.31805 688.36267 698.05188 629.23059 511.75180 386.25339 283.92224 241.92018 254.40492 303.34995 345.91727 351.70862 363.32626 349.27289 317.59366 295.35208 274.00137 260.15952 239.33325 241.47635 270.96017 290.97256 287.25317 269.06158 249.06635 231.16621 213.97993 215.98340 257.76984 324.66974 392.05075 442.23758 444.07663 394.72760 340.25296 323.78278 363.98691 501.67847 751.24133 1057.73645 1387.01172 1767.99512 2101.69775 2144.73633 1949.73694 1738.76843 1622.30164 1625.87341 1619.03613 1462.28357 1133.43896 923.74457 814.42926
757.32208 667.05963 676.20099 739.33032 828.14825 926.90497 959.57318 888.55066 715.42242 532.57068 381.25250 278.36237 262.07614 338.70099 453.14838 526.77234 521.91510 474.24298 439.02704 391.92459 346.23627 307.51868 281.38345 258.01242 244.45352 243.02742 248.12994 249.63887 236.92165 215.88966 191.33842 168.93340 150.11134 160.54663 215.90958 277.68750 323.87955 334.13516 311.96130 280.67825 278.64371 331.88718 465.96127 696.21716 978.30182 1305.68762 1699.02148 1975.44250 1918.04614 1659.23828 1447.16296 1318.79675 1277.18616 1280.96289 1213.25513 1066.93396 888.24976 784.72449
713.58014 592.01300 628.61877 771.12042 1021.21747 1289.71240 1242.44141 960.43079 696.97559 483.92816 334.19708 260.50354 280.26981 455.41965 651.39325 741.59442 700.66205 600.52045 527.68372 471.56171 421.82959 380.93878 349.22977 326.98370 304.90897 284.41473 271.24881 263.09811 249.67995 229.06741 200.52643 163.63080 123.74477 113.23859 132.37910 175.54771 217.86670 235.91748 234.99828 224.02043 238.47185 301.12619 421.42145 625.36243 917.72510 1278.92639 1661.26953 1814.23413 1643.39490 1376.72644 1195.90125 1075.92444 1023.13440 1013.35583 974.57855 878.39868 778.87878 702.07043
581.03638 491.51273 599.42902 819.56061 1256.09875 1750.31604 1455.27930 903.76117 604.05780 412.67337 298.26154 266.89792 358.13547 619.43610 901.10834 978.92645 878.53143 730.97742 629.18976 566.01544 513.49890 471.85498 443.32672 418.34811 389.67847 361.60767 337.84564 316.43442 295.44391 270.69135 239.18924 195.58035 166.87047 153.88553 148.62733 170.69600 186.05083 194.80919 195.01526 178.90504 198.57701 261.96915 372.60007 571.92322 904.58734 1312.88184 1591.23340 1554.25098 1313.11938 1117.49951 986.99744 875.90350 824.31421 806.63489 776.64154 714.96753 645.73083 588.91425
483.68292 467.09494 614.48950 941.63379 1616.21777 2208.65430 1546.50989 803.99438 528.34094 364.24786 285.98444 308.46848 497.67227 871.76135 1190.89368 1219.93958 1055.16028 877.09198 762.36102 693.49872 632.14581 585.78290 553.33875 522.52228 487.33063 451.87241 417.28717 383.78668 354.84573 334.06039 305.99310 276.81485 268.70087 290.78198 303.44672 293.13022 266.06854 229.96339 190.62067 171.79294 166.05264 224.97049 336.44534 554.03345 945.91083 1331.01440 1398.63928 1188.41113 1008.33636 923.25861 811.39600 710.82098 664.53705 641.26410 609.85150 560.26611 505.98407 462.50974
435.41888 466.27783 664.93481 1156.47461 2166.19116 2580.15967 1561.91650 734.54645 478.65524 323.11340 262.89005 371.78568 761.51947 1262.67041 1507.75598 1449.66711 1239.01343 1074.99414 970.67377 887.58643 802.37372 738.77032 697.01233 662.47681 619.66022 571.95984 524.66162 481.75879 446.99927 431.75183 412.08591 395.37366 424.66821 476.19687 497.68488 468.92651 404.07352 326.94116 246.83443 188.66916 163.86316 199.66837 322.74622 581.95398 996.23248 1220.38428 1058.42590 823.86243 779.93939 764.50616 668.79553 573.51849 531.16833 508.53409 471.41562 419.64053 370.63492 332.63376
394.59061 461.39105 757.40802 1543.29846 3056.61353 2951.90991 1424.32983 685.82050 436.38596 292.33423 252.67067 499.92990 1223.19604 1748.34058 1791.62183 1671.91968 1512.16785 1398.17908 1302.65222 1175.83508 1046.77271 959.35089 908.62903 857.01282 784.79175 715.31970 658.56488 611.22998 568.59503 537.78064 525.00983 547.06128 631.32971 708.83826 723.80823 644.08752 535.51044 422.28375 314.99435 228.45201 179.71034 199.09785 332.97989 624.12134 944.61737 936.21753 695.27948 592.96802 609.83765 622.19824 548.18152 457.87454 414.18015 392.41089 357.13632 301.39731 248.31171 207.14159
346.72531 458.21506 891.46710 2554.81274 4549.74658 2780.58374 1082.55066 634.13049 423.68985 313.34839 352.05588 748.30963 1760.66833 2211.73535 2082.19897 2000.01416 1984.13367 1828.47693 1633.14783 1426.37134 1279.69385 1197.83423 1135.54077 1035.80896 917.05676 826.40564 764.10144 713.83466 660.00507 623.15399 647.73853 756.16815 898.73322 977.07446 906.99817 774.75507 616.59686 472.87430 344.66940 247.56702 189.70876 204.03333 346.00076 600.08752 738.79559 629.30139 506.16412 454.19531 459.91086 476.81189 429.09650 353.37402 306.59000 278.90692 251.36203 201.13521 142.52719 121.76051
342.66745 474.62579 1117.99951 5001.62793 5006.64941 1456.94434 697.96661 526.05548 438.64206 386.37253 561.16675 1371.67749 2540.36597 2836.15332 2764.25903 2791.45752 2587.27173 2169.97314 1758.35974 1477.66125 1348.90259 1293.98560 1193.09021 1051.68262 926.73560 837.74927 785.82379 744.87244 695.96185 686.45752 793.94452 1022.55603 1177.28638 1169.11377 1030.95850 835.33881 638.82306 472.81027 332.88074 231.97641 177.46259 192.79083 327.16156 473.02060 494.54117 457.01266 391.82864 344.86810 333.74667 332.41049 297.76587 243.86092 210.18719 180.17461 148.63988 116.57592 103.89618 126.70780
383.29385 634.82635 2723.70117 6484.53223 2516.40576 652.37042 439.27527 369.88208 337.60010 393.23456 921.23645 3183.20020 5441.77100 5298.34619 4582.84424 3917.36646 3085.47217 2298.84692 1776.89893 1488.50964 1353.58643 1242.76807 1082.01147 931.47632 825.44434 766.17999 772.47125 765.01727 738.24023 753.28314 988.66779 1346.84998 1438.60950 1298.58716 1079.04590 825.88788 609.07916 440.00653 303.81528 201.91751 143.70844 157.57294 251.17097 307.56891 318.19598 320.51755 284.98682 244.00235 221.01784 200.23303 166.95285 149.25665 143.03329 120.37650 100.34029 100.26612 163.09975 243.79930
459.61777 1355.77002 5481.10059 5425.53955 1333.92834 455.26743 340.96207 293.50897 276.39932 394.84460 3229.59668 10835.81250 9121.88770 6835.71387 5217.58789 3879.81250 2839.82983 2134.83228 1740.86279 1544.90588 1363.02588 1119.78589 907.15485 770.36401 693.12256 712.71741 789.13977 855.22168 860.25641 969.94391 1343.90417 1711.73901 1637.64709 1327.51416 1008.79431 736.94995 540.53900 391.89282 278.92499 192.51410 125.85233 118.41225 158.12354 180.35962 191.05936 187.68835 167.27902 139.42618 116.36760 109.78346 126.22496 142.50116 148.18260 121.37017 115.51609 185.62030 280.54343 372.59720
656.58551 2686.32520 6699.35938 4123.25293 911.33691 434.43872 350.11499 429.72498 1518.66272 5891.43994 13275.64258 7620.07373 4610.85107 3598.12085 2822.44214 2209.87939 1807.85254 1551.25647 1384.43457 1256.90759 1063.45325 857.66833 709.75464 622.00201 628.04901 710.52020 942.11414 1113.32080 1188.75012 1422.00012 1814.91052 1968.39465 1701.61169 1248.31140 882.50989 637.60883 471.58508 348.98294 262.42075 213.54689 172.43959 115.06593 114.68208 111.95884 109.11995 108.50527 108.44943 107.07825 104.12023 122.64606 182.63072 224.24930 217.42110 205.35312 236.59883 299.37720 395.40436 534.39154
1087.15173 4361.33594 6751.49902 2776.81445 670.69684 449.82156 411.88983 707.38867 7849.77051 13405.75879 8415.47461 2057.58105 1447.37280 1322.14661 1260.76074 1173.57874 1067.04871 981.09418 885.64832 768.40460 644.78687 578.58679 535.94733 547.01691 623.70038 883.23804 1337.05530 1714.53076 1910.13379 2050.27148 2203.09912 2099.47852 1667.42627 1139.73303 772.02051 551.83008 412.17923 314.31317 279.75516 267.89551 234.30824 200.02090 163.79213 135.03450 124.93619 134.59485 157.56343 168.89198 173.62564 205.26147 280.38654 354.51611 368.03711 367.84384 399.40741 467.38266 591.81238 795.88538
1939.41150 6739.48340 5896.62500 1761.04761 591.15540 530.92822 925.72784 4989.74365 12519.73145 7868.99854 2522.80811 905.21124 654.67609 628.11188 679.95459 714.16711 688.37183 639.92395 570.79803 502.03943 447.53036 445.41769 460.57248 512.50806 739.01141 1336.60620 2241.40308 2841.80688 2760.63062 2716.24536 2560.63623 2142.16479 1553.07056 1015.99634 660.49689 464.96591 358.14404 317.63544 321.05374 344.26447 317.92929 287.37164 252.43495 221.44914 209.80525 228.94351 260.48514 272.49478 267.41653 272.70206 333.53680 440.04736 470.21393 467.16461 531.74915 681.43469 870.49274 1009.04828
3279.35400 8217.28125 4372.24365 968.04504 588.96234 817.22089 2576.68262 9940.79980 12025.96973 3719.86157 1078.65454 578.03253 444.88925 430.78345 467.13229 510.04132 513.81586 501.97424 474.15601 441.91293 430.34439 434.38297 436.06836 545.08984 959.39709 2438.07593 4153.74170 3988.13354 3340.37354 2922.52417 2448.69092 1820.02563 1195.61584 760.47009 516.42603 389.46909 343.96716 355.59485 394.39102 410.41437 385.15021 362.70050 329.01807 295.97913 296.04303 327.15323 365.32132 392.01816 381.89426 349.30045 373.87973 488.56192 538.31494 561.77747 628.86890 794.05566 1026.42065 1182.93042
4647.35791 8513.48828 2996.06372 712.17902 714.07233 1788.40356 7071.74609 14108.71582 8769.80859 1760.00879 709.62427 486.27896 417.21860 422.32935 443.85501 456.81406 463.88770 474.38354 472.82773 456.25592 451.73950 431.79407 466.86249 704.56860 1669.95850 5667.01318 6506.72510 4168.03418 3013.48486 2326.86768 1708.22925 1117.82813 683.61395 454.35797 366.15649 352.47693 380.54944 438.03262 481.82172 470.14838 442.24109 411.27286 375.61472 370.84781 402.07538 434.89423 478.18842 529.56030 520.93506 441.69302 455.91730 563.84894 623.38354 649.39063 770.19214 974.73785 1206.26733 1396.94495
5343.49756 8459.87793 2760.74438 888.04700 1377.90149 6725.73779 15207.56641 10557.92090 1735.30420 797.31592 606.80841 518.56342 497.52942 514.45575 523.53088 514.61957 512.67169 532.02350 521.12042 486.46927 450.68341 453.28015 586.01965 1541.87744 5846.68408 8284.27637 4301.45898 2536.32495 1848.28223 1380.34302 968.89105 631.38684 418.43558 307.67139 278.58295 349.86545 462.25003 563.43591 589.21619 542.64709 481.80914 429.28842 428.36829 486.54193 546.71997 578.27008 599.20801 649.31140 690.56256 606.42444 566.92737 700.87958 818.10034 819.02325 1017.01233 1312.06689 1489.26270 1561.59167
