data/carea.asc
NCOLS 367
NROWS 415
XLLCORNER 712367.5000000000
YLLCORNER 9557227.5000000000
CELLSIZE 10.000000
NODATA_VALUE -99999.00000
[rows 375 to 399 of 415, columns 174 to 231 of 367]
4318.75488 749.94226 562.48541 495.39270 433.39969 399.86218 451.48114 543.04248 561.74548 482.44772 381.20026 281.79425 209.60309 188.00493 154.96783 114.93976 102.36925 111.86693 162.53226 239.03503 560.04999 3577.18091 7941.79834 4701.49707 1017.91974 597.47339 614.04175 610.30072 495.70856 415.54843 360.40109 315.79959 294.43222 315.80750 387.13330 505.59937 575.69299 552.80084 481.71548 424.30850 473.29999 642.54407 768.08942 760.72400 313945.59375 178472.18750 249778.82813 441277.68750 929.85486 1181.71631 1011.41479 621.18610 442.01303 460.86279 615.51306 636.46906 569.55627 485.30792
67457.85156 9503.08496 543.37653 508.77136 460.58450 487.04492 621.31506 754.46008 702.83038 554.02002 434.52048 349.15057 310.74985 289.99927 238.35364 170.67783 112.41408 100.00000 113.45364 203.07002 371.90283 855.80225 4677.40430 8097.44971 3202.46997 1255.01111 801.68512 571.70734 441.02646 384.24820 344.44208 309.13153 284.47089 284.34177 329.75052 407.32864 473.65390 487.48468 465.94714 448.08313 469.62033 547.06189 604.42743 638.10614 57302.66797 175885.67188 121046.48438 216.51735 440187.93750 439601.62500 438580.75000 618.62195 463.56302 565.51569 849.62518 811.25299 660.06451 575.99500
39431.56250 86647.84375 501.94119 549.64935 575.78680 661.67194 803.72870 893.14288 760.00940 614.43091 512.67615 465.69833 448.90567 404.14563 320.88852 239.23039 179.22482 120.03252 107.07538 154.61414 295.56195 548.58734 1368.64917 6412.01709 6653.07227 3734.04956 1960.47229 1000.61072 556.41187 407.30099 358.68811 316.74695 281.83862 262.73236 281.84482 333.82672 391.98877 425.09622 430.38449 424.28802 432.70102 472.50098 530.57391 631.86163 16981.49023 65748.92188 226.04489 173.77760 167.68964 215.26656 303.02335 437107.28125 436028.62500 958.73004 1202.34436 1037.69409 814.50806 728.36835
1525.30237 215.66420 86066.75000 77033.43750 924.80109 853.79846 890.40918 975.86420 859.86401 725.91443 661.38214 650.06909 621.35284 531.64246 421.06705 334.14267 276.62378 203.24191 122.19392 120.40193 241.82939 448.71039 804.47595 2222.27783 4607.81006 5163.00439 4039.22070 2489.51343 1205.90039 625.79175 450.16354 357.89484 286.04010 253.47391 244.06421 278.53662 324.86038 366.38159 384.23572 383.46759 408.49008 464.04382 560.69025 706.28754 960.69934 48972.99609 254.03363 184.54826 153.90544 162.70564 227.64549 313.31741 638.77545 435055.06250 405884.84375 40690.73828 1137.54089 989.81836
205.16344 166.53314 223.94905 21161.22461 84097.14063 1063.30676 1141.65283 1203.00549 1071.32983 889.21777 848.40765 880.26355 835.79785 712.94330 596.45538 508.91299 424.58258 317.92606 208.68590 132.00877 180.54588 335.40961 539.57727 900.44586 1808.48901 3226.32983 4253.25684 3951.10254 2602.05054 1320.51294 664.32983 425.03644 314.78662 249.75801 231.68059 234.62129 270.08804 309.10864 333.41925 348.61996 400.27942 490.29559 615.58081 776.20380 950.52869 1613.48633 47151.50000 260.04117 161.07796 142.43156 157.50734 217.64407 313.25851 469.23355 68694.86719 392104.28125 98677.60938 1189.07800
211.30357 177.80655 160.70685 209.61867 304.95078 82702.32031 77664.67969 30876.22461 1223.16687 981.09406 950.83081 1003.83722 922.99280 794.67609 704.50397 627.05524 520.97614 402.23828 290.86398 181.81908 184.02794 244.47141 371.34830 530.43726 803.83337 1372.12415 2320.21436 3372.43433 3428.09229 2137.86572 1040.98572 551.04352 371.49521 284.75003 242.75174 226.45848 229.39429 258.35925 292.71606 337.87183 415.03400 535.04956 677.60931 841.15009 1016.38696 2519.38965 45645.44141 323.32605 219.48047 149.31940 125.56074 135.66200 231.12535 366.09543 469.65131 535.96167 427986.87500 1289.59167
292.93164 211.41765 165.36974 155.65500 243.53099 380.89230 8450.64746 50501.04688 77301.51563 1148.43494 1353.46326 1093.19226 865.07892 704.38190 671.75098 635.19049 537.28479 431.28253 335.21545 244.58601 196.79556 224.91992 291.11301 381.62149 494.73840 713.37292 1156.67529 1982.95190 2887.21802 2815.33936 1682.90479 872.43011 509.87286 370.92877 291.89014 241.76538 207.51529 227.42038 268.89722 341.04352 451.15524 588.13013 731.60736 874.39764 1002.98596 1150.78870 44745.56641 516.24921 296.10028 197.97398 128.30617 107.91736 175.87343 295.22391 372.70413 395.14078 411.50003 426672.81250
403.85370 262.76245 185.06079 147.77242 173.64270 268.19171 356.09286 452.62915 820.73090 75649.13281 28674.95508 6918.85156 895.35425 662.13782 699.47571 652.61517 537.83936 444.30746 372.77338 297.59076 220.55707 209.80597 241.45212 294.60464 356.98386 461.62778 639.20660 1015.20154 1792.57202 2524.85547 2241.06055 1426.63525 854.65698 539.65485 370.98904 261.78226 209.20444 212.00613 259.88693 355.21286 490.25812 629.60748 751.28210 844.03839 911.88281 1015.78809 19121.98047 25247.70313 365.03607 264.06976 180.53766 117.41662 132.66365 216.43558 282.36490 319.20236 399.67178 25720.41992
449.71841 322.93301 245.11850 172.11047 159.43520 172.28571 252.34923 354.35202 480.42282 683.47510 45781.67578 58833.05469 20987.65625 3073.93848 959.20966 687.68848 534.27399 469.73810 422.52521 347.80399 260.11880 194.46136 199.29308 224.40244 265.27280 325.67349 404.08450 546.07080 913.27112 1560.83398 2001.56921 1682.80408 1229.46704 802.19897 485.14682 301.57907 215.55128 202.56491 266.24673 372.62469 503.53461 620.17487 709.88892 775.47845 838.55591 950.11176 10780.19141 33683.72656 415.67563 345.25290 275.87857 183.37454 132.20360 146.88785 205.22012 273.42236 390.98764 967.00067
30625.98828 433.88867 332.36310 234.08055 165.81750 139.99429 161.40106 267.13025 395.05389 507.44110 622.81262 15684.43457 50320.91016 53370.20703 17027.34375 1267.46887 579.21252 538.73773 485.04654 392.61954 298.28183 220.99796 178.60625 177.44565 202.15480 230.70898 275.81717 344.65988 498.07712 843.71930 1248.27979 1388.93982 1202.27380 963.58490 647.71368 392.68250 245.97720 202.20607 279.27679 377.77100 454.92285 542.43347 621.34143 694.61884 773.31122 869.59479 970.73724 39836.66797 1128.16138 455.90057 371.34183 251.69868 150.58127 129.84735 156.37897 243.00194 374.86469 553.72754
29314.23047 590.57959 416.58731 313.66855 230.51291 160.37938 134.92451 179.48586 287.03925 370.67349 462.82291 617.13971 833.62531 26093.20313 52424.12891 27666.55859 5492.10938 1362.21423 604.93195 432.46039 339.80023 287.96664 240.88727 193.40845 174.60782 186.28032 205.31172 235.39212 320.82208 497.47739 733.69562 864.53479 910.97339 895.19360 747.22833 518.94849 328.94122 240.36955 272.45154 340.93719 389.22223 447.98764 540.98096 630.63354 719.31885 811.00311 896.72968 4086.04468 36308.46484 591.94958 422.22986 275.96954 177.70590 128.31274 134.14720 203.83716 307.59686 425.10785
25418.28906 2796.39551 499.96747 408.08817 321.33075 232.83794 161.48618 149.01923 187.32906 272.50677 375.44696 508.04013 620.65417 767.52417 2879.77734 40261.14453 48632.57031 25988.01172 8828.02637 1481.16187 449.15027 391.39767 329.40167 267.69452 232.23389 196.16817 172.28572 179.70863 218.29405 326.12482 448.93265 501.74371 522.79456 608.60748 655.51263 539.32587 380.59302 286.66315 264.90918 286.42093 333.84570 388.52414 487.06702 581.76215 676.36554 790.68115 897.32721 1043.60010 27246.66211 15595.25488 418.01468 305.49249 234.79257 167.74564 131.56482 148.66061 227.12788 320.76227
17906.35352 11468.28125 620.93762 513.21338 413.12741 317.76761 232.35521 172.50288 169.24838 202.00929 287.55682 382.09888 466.62912 546.07678 692.33136 1052.62524 20708.16406 36260.06641 44928.88281 31887.53125 8638.60449 595.06030 446.49945 378.54025 332.51306 261.04346 187.94760 148.87012 155.07237 202.07452 269.80124 305.86652 320.92822 356.55283 424.08160 444.91443 365.80640 302.84348 261.25836 250.28105 286.93524 364.46054 422.65445 499.84598 601.44183 717.24091 812.61407 893.95856 976.20685 35159.54688 460.46323 396.07410 331.22876 244.57712 151.62125 131.94096 156.59764 242.02136
5336.65283 19886.01563 2645.34863 663.27179 521.38434 415.93423 332.42343 252.50816 193.29961 196.20102 209.23648 270.74432 352.44998 447.91354 597.60846 837.75159 1104.09985 2696.24414 13693.53809 31178.26172 44207.39063 21148.06250 679.02374 527.78247 437.36664 329.00137 237.22687 172.52451 135.93056 143.29198 190.49638 237.43291 252.92355 252.79630 289.92416 330.62543 317.74203 289.82104 253.16502 219.84042 245.89073 320.19998 327.93237 367.22092 475.15668 571.93762 681.47858 838.29785 1090.35229 34194.00781 710.00354 520.14148 410.67084 302.10733 202.45679 136.51437 126.55466 176.92345
1012.51813 14482.65527 13118.85059 2096.16797 676.21716 547.70410 450.88696 349.47183 248.04243 198.79102 190.88260 200.03755 264.25705 354.74094 487.98486 687.56116 853.52802 848.76996 759.88129 1270.63989 9422.72852 41011.89844 24624.99414 1038.55359 556.50427 398.91498 298.43063 232.64113 201.30386 209.48029 239.81242 270.17380 276.22745 273.88269 267.59485 271.46979 272.48593 256.79578 238.57730 208.14853 208.92610 226.38593 216.16750 276.42307 369.50070 465.12128 608.73340 805.49567 1153.01270 16950.25391 21763.89648 656.55963 459.78616 348.67590 265.31934 192.17722 135.80930 140.02652
396.15247 4210.50342 14429.14258 7800.25342 1376.56555 713.34937 586.22882 461.75815 341.03458 249.61295 187.30661 182.37105 196.65193 263.50555 373.37546 546.25262 714.24994 739.09662 596.31421 570.14374 767.75568 3913.65088 37196.87891 27093.95117 1597.91602 467.39725 345.72595 289.93732 281.05414 346.17645 407.41620 388.11487 367.90778 333.78000 301.84808 278.68436 262.89850 236.61719 213.13795 195.41043 174.34282 161.09024 164.82187 233.52849 329.59949 437.40216 584.11713 757.07751 932.20386 1316.27661 20326.14453 16463.29297 567.30420 422.13077 359.93546 292.34991 197.45377 142.38329
206.68027 862.47308 8792.98926 12415.21875 4929.17041 1014.27240 747.35052 606.08704 474.73187 364.95920 276.57254 206.33368 201.25714 201.89078 277.23227 426.44397 575.90759 604.51630 555.93842 589.28302 716.20233 1041.00977 10318.43457 33219.59375 20527.08203 3083.08838 369.93484 337.67847 396.15134 539.87659 618.91034 557.45197 469.61661 407.50037 363.26859 329.34756 296.72998 256.92935 217.19704 173.38998 145.09473 117.72103 130.23822 196.88594 296.46927 412.09125 544.22955 664.84998 781.55176 918.92017 1157.83069 20219.44531 13831.11719 597.43097 496.36957 390.92212 273.92706 171.93141
140.58655 255.96066 1826.31360 9749.61816 11170.77734 3584.61182 956.20959 741.13763 608.52875 502.07544 405.19199 301.30057 231.93402 207.02698 214.85385 342.14029 466.33859 495.38174 533.59668 614.42926 649.25958 652.55804 1545.37634 14583.11035 28163.48242 20949.73438 9463.38379 392.51077 554.86566 834.39294 861.62378 713.55487 556.06085 453.81451 409.74390 379.00964 353.63022 310.15723 238.69681 177.43250 131.69106 100.00000 100.44340 154.00148 246.18419 356.25970 477.62494 578.01538 658.63031 740.50391 822.40393 937.87213 20397.98047 10491.47461 566.04834 434.56210 335.33527 226.43523
-99999.00000 182.56679 305.28973 2618.19214 10210.90039 9597.69434 2457.83740 843.51825 663.10352 563.65210 478.71198 385.01831 306.51761 244.24762 227.20041 272.07568 351.74893 403.74966 489.60510 569.34174 538.21796 470.78104 577.10645 3326.67310 13669.16797 19684.23242 26404.01563 36851.44141 35985.11328 8274.16113 1142.25232 779.30133 574.67786 473.78882 462.55392 463.18811 412.96606 331.99152 248.79465 199.99208 163.65974 121.62420 105.90858 122.94814 180.68364 290.97137 405.58435 480.55505 539.15765 600.20374 656.76959 722.41003 822.79565 24692.70117 692.03540 480.16711 410.12134 284.78235
-99999.00000 -99999.00000 261.10983 373.65884 3250.88916 10376.45020 7383.68555 1361.65649 643.66711 575.04956 517.75500 436.98541 356.88016 295.16006 252.91701 242.30432 273.10425 330.06116 422.37195 486.04517 456.01443 392.11710 360.13812 1216.30530 7555.53223 6189.73730 3915.70923 367.84390 1007.68146 31215.06250 30323.29688 3199.79272 1009.30621 524.41425 560.51880 573.72424 488.96753 375.91095 303.06403 266.28537 228.91374 186.63577 148.52979 128.43326 130.63573 207.86205 296.40826 362.96417 418.10202 479.80637 544.02893 628.18896 726.59131 780.84833 23575.05469 881.67535 509.90997 343.46255
-99999.00000 -99999.00000 179.95630 239.00464 364.19363 4684.52979 10547.15137 4911.61865 813.09302 684.53467 585.31000 470.67908 364.38663 292.98795 239.48428 220.91235 215.40967 265.53479 351.05402 406.43597 388.72171 345.38043 356.49564 437.21027 7049.23242 4461.26514 497.32571 391.75012 379.09988 472.42163 5118.93555 26455.26758 13207.52246 5626.57031 2304.34790 651.89886 533.88293 470.17908 429.78897 385.50012 326.50058 270.08737 251.06859 224.77718 153.45653 144.88609 195.86957 266.83139 329.63812 394.15714 465.18326 579.93292 724.95520 852.26727 1048.54675 22039.55078 568.62738 399.36969
-99999.00000 -99999.00000 -99999.00000 192.96725 251.32770 382.18253 5075.57666 10028.94434 4293.39600 1050.42786 688.49463 508.10547 380.91708 297.60693 237.06836 198.54315 180.59882 208.05927 277.00397 326.32013 320.23215 304.60913 356.48468 508.15707 5048.59131 5441.44434 855.46777 423.74863 348.15750 382.51764 592.92426 9632.23438 17090.73438 19005.88086 16592.86719 13060.72852 586.40369 685.58453 717.44916 585.37164 457.81091 400.09424 429.49094 423.15778 242.74158 159.21155 157.95282 214.64224 278.18057 337.51859 414.49469 562.82050 769.99585 941.86267 1198.54297 17059.71289 6532.39307 476.17130
-99999.00000 -99999.00000 -99999.00000 -99999.00000 198.76315 244.53177 400.70496 4752.47559 8716.49805 4153.42822 1130.66870 571.42072 437.88562 346.26553 269.67419 202.87184 170.08159 165.76241 203.90990 248.04268 259.24567 286.88837 372.43546 556.84088 3446.60034 5423.80420 1808.07764 477.15176 331.03558 326.47491 426.64346 650.15576 2140.19824 6731.65137 10435.84863 12769.66211 24262.20703 14926.67188 1355.72644 972.26599 849.83575 783.41028 753.52533 568.62292 329.82318 195.42422 160.17197 171.27827 222.71085 281.78018 390.06473 598.58167 831.24829 1016.44214 1301.87219 6000.63672 12255.52148 1417.71985
-99999.00000 -99999.00000 -99999.00000 -99999.00000 -99999.00000 200.60887 242.43341 583.46069 5150.16895 7170.89063 2679.95996 673.34283 535.09033 445.50415 356.25122 273.48352 199.74472 167.91537 157.56670 186.32144 227.07205 283.47601 383.68933 524.22894 2565.33423 4890.15137 2078.65234 458.37918 312.92151 279.90179 336.17703 470.25156 568.78284 681.13647 934.89465 1519.58813 113.10444 22148.46875 1239.29907 1207.36633 1201.97974 1131.62158 939.39685 634.42303 391.42484 241.74335 168.91309 139.77838 165.14040 239.52679 376.75583 614.83972 812.39417 953.39215 1040.40710 1564.27332 10770.92969 7332.37842
-99999.00000 -99999.00000 -99999.00000 -99999.00000 -99999.00000 -99999.00000 194.15216 287.61765 941.32758 5380.62744 6109.97217 1817.89343 729.22845 596.67303 497.66769 393.86008 278.89014 192.83330 147.77380 149.73680 215.48000 293.31863 382.42728 483.08231 1925.51025 4742.61328 1852.19519 394.77808 308.10159 261.68781 291.11057 376.55566 446.76132 469.99835 462.31085 404.58356 398.67950 20591.72266 1664.83533 1429.74438 1355.44983 1171.85144 874.71350 604.93134 432.17688 283.74109 176.72823 121.09805 121.10307 216.19826 368.91852 553.44775 731.55109 861.47375 894.72809 950.53546 2745.73413 11884.97656
