data/carea.asc
NCOLS 367
NROWS 415
XLLCORNER 712367.5000000000
YLLCORNER 9557227.5000000000
CELLSIZE 10.000000
NODATA_VALUE -99999.00000
[rows 0 to 24 of 415, columns 232 to 289 of 367]
-99999.00000 -99999.00000 -99999.00000 -99999.00000 -99999.00000 -99999.00000 -99999.00000 -99999.00000 -99999.00000 -99999.00000 -99999.00000 -99999.00000 -99999.00000 -99999.00000 -99999.00000 -99999.00000 -99999.00000 -99999.00000 -99999.00000 -99999.00000 -99999.00000 -99999.00000 -99999.00000 -99999.00000 -99999.00000 -99999.00000 -99999.00000 -99999.00000 -99999.00000 -99999.00000 -99999.00000 -99999.00000 -99999.00000 -99999.00000 -99999.00000 -99999.00000 -99999.00000 -99999.00000 -99999.00000 -99999.00000 -99999.00000 -99999.00000 -99999.00000 -99999.00000 -99999.00000 -99999.00000 -99999.00000 -99999.00000 -99999.00000 -99999.00000 -99999.00000 -99999.00000 -99999.00000 -99999.00000 -99999.00000 -99999.00000 -99999.00000 -99999.00000
-99999.00000 -99999.00000 -99999.00000 -99999.00000 -99999.00000 -99999.00000 -99999.00000 -99999.00000 -99999.00000 -99999.00000 -99999.00000 -99999.00000 -99999.00000 -99999.00000 -99999.00000 -99999.00000 -99999.00000 -99999.00000 -99999.00000 -99999.00000 -99999.00000 -99999.00000 -99999.00000 -99999.00000 -99999.00000 -99999.00000 -99999.00000 -99999.00000 -99999.00000 -99999.00000 -99999.00000 -99999.00000 -99999.00000 -99999.00000 -99999.00000 -99999.00000 -99999.00000 -99999.00000 -99999.00000 -99999.00000 -99999.00000 -99999.00000 -99999.00000 -99999.00000 -99999.00000 -99999.00000 -99999.00000 -99999.00000 -99999.00000 -99999.00000 -99999.00000 -99999.00000 -99999.00000 -99999.00000 -99999.00000 -99999.00000 -99999.00000 -99999.00000
-99999.00000 -99999.00000 -99999.00000 -99999.00000 -99999.00000 -99999.00000 -99999.00000 -99999.00000 -99999.00000 -99999.00000 -99999.00000 -99999.00000 -99999.00000 -99999.00000 -99999.00000 -99999.00000 -99999.00000 -99999.00000 -99999.00000 -99999.00000 -99999.00000 -99999.00000 -99999.00000 -99999.00000 -99999.00000 -99999.00000 -99999.00000 -99999.00000 -99999.00000 -99999.00000 -99999.00000 -99999.00000 -99999.00000 -99999.00000 -99999.00000 -99999.00000 -99999.00000 -99999.00000 -99999.00000 -99999.00000 -99999.00000 -99999.00000 -99999.00000 -99999.00000 -99999.00000 -99999.00000 -99999.00000 -99999.00000 -99999.00000 -99999.00000 -99999.00000 -99999.00000 -99999.00000 -99999.00000 -99999.00000 112.37251 100.00000 -99999.00000
-99999.00000 -99999.00000 -99999.00000 -99999.00000 -99999.00000 -99999.00000 -99999.00000 -99999.00000 -99999.00000 -99999.00000 -99999.00000 -99999.00000 -99999.00000 -99999.00000 -99999.00000 -99999.00000 -99999.00000 -99999.00000 -99999.00000 -99999.00000 -99999.00000 -99999.00000 -99999.00000 -99999.00000 -99999.00000 -99999.00000 -99999.00000 -99999.00000 -99999.00000 -99999.00000 -99999.00000 -99999.00000 -99999.00000 -99999.00000 -99999.00000 -99999.00000 -99999.00000 -99999.00000 -99999.00000 -99999.00000 -99999.00000 -99999.00000 -99999.00000 -99999.00000 -99999.00000 -99999.00000 -99999.00000 -99999.00000 -99999.00000 120.25342 159.26749 179.02269 173.17657 151.38214 144.54480 281.88086 197.76662 -99999.00000
-99999.00000 -99999.00000 -99999.00000 -99999.00000 -99999.00000 -99999.00000 -99999.00000 -99999.00000 -99999.00000 -99999.00000 -99999.00000 -99999.00000 -99999.00000 -99999.00000 -99999.00000 -99999.00000 -99999.00000 -99999.00000 -99999.00000 -99999.00000 -99999.00000 -99999.00000 -99999.00000 -99999.00000 -99999.00000 -99999.00000 -99999.00000 -99999.00000 -99999.00000 -99999.00000 -99999.00000 -99999.00000 -99999.00000 -99999.00000 -99999.00000 -99999.00000 -99999.00000 -99999.00000 -99999.00000 -99999.00000 -99999.00000 -99999.00000 102.60197 122.91482 142.67853 154.66000 153.13852 153.85454 163.82335 171.49844 229.54610 262.59378 283.93130 286.97681 400.41284 559.37653 120.45692 -99999.00000
-99999.00000 -99999.00000 -99999.00000 -99999.00000 -99999.00000 -99999.00000 -99999.00000 -99999.00000 -99999.00000 -99999.00000 -99999.00000 -99999.00000 -99999.00000 -99999.00000 -99999.00000 -99999.00000 -99999.00000 -99999.00000 -99999.00000 -99999.00000 -99999.00000 -99999.00000 -99999.00000 -99999.00000 -99999.00000 -99999.00000 -99999.00000 -99999.00000 -99999.00000 -99999.00000 -99999.00000 -99999.00000 -99999.00000 -99999.00000 -99999.00000 -99999.00000 100.00000 121.51701 146.42419 147.06281 129.95074 130.61281 161.16777 205.03041 225.68944 245.52760 264.94803 273.56104 274.70999 288.41620 322.46750 364.03955 406.93826 521.32495 1118.35608 479.60458 189.91025 -99999.00000
-99999.00000 -99999.00000 -99999.00000 -99999.00000 -99999.00000 -99999.00000 -99999.00000 -99999.00000 -99999.00000 -99999.00000 -99999.00000 -99999.00000 -99999.00000 -99999.00000 -99999.00000 -99999.00000 -99999.00000 -99999.00000 -99999.00000 -99999.00000 -99999.00000 -99999.00000 -99999.00000 -99999.00000 -99999.00000 -99999.00000 -99999.00000 -99999.00000 -99999.00000 -99999.00000 100.00000 115.88272 119.60943 104.26346 107.94566 119.34340 146.10609 178.45633 214.41664 256.71548 272.88776 262.97754 281.55377 311.90283 330.62549 348.30490 365.92639 381.56915 403.56723 438.53012 485.10446 700.16681 609.33368 1063.17151 1419.54163 353.28003 230.21265 121.18127
-99999.00000 -99999.00000 -99999.00000 -99999.00000 -99999.00000 -99999.00000 -99999.00000 -99999.00000 -99999.00000 -99999.00000 -99999.00000 -99999.00000 -99999.00000 -99999.00000 -99999.00000 -99999.00000 -99999.00000 -99999.00000 -99999.00000 -99999.00000 -99999.00000 -99999.00000 -99999.00000 101.94279 119.70153 127.73161 112.67017 100.39978 106.41296 122.83002 154.27190 208.31883 231.62093 228.42632 215.75117 219.25864 222.57901 231.80283 264.46109 325.68356 385.19592 411.65210 419.36639 434.38016 451.09659 462.92688 474.12778 491.39633 535.02917 698.90472 977.83612 852.03149 1107.86157 1409.42822 1237.74561 372.60837 251.68140 143.27409
-99999.00000 -99999.00000 -99999.00000 -99999.00000 -99999.00000 -99999.00000 -99999.00000 -99999.00000 -99999.00000 -99999.00000 -99999.00000 -99999.00000 -99999.00000 -99999.00000 -99999.00000 -99999.00000 -99999.00000 100.00000 116.37093 123.36672 120.57706 114.64178 122.67002 165.65901 215.79874 252.81317 249.25485 214.68558 199.59479 210.27867 251.49138 311.52374 351.27246 350.38889 335.83951 320.77682 295.89520 273.98590 289.72205 354.62033 446.80762 521.66669 558.75659 573.70557 582.20685 586.74957 587.09259 599.31097 844.41309 1088.68982 1183.18359 1211.17285 1679.78979 1892.19214 703.08411 390.25244 267.88049 179.99747
-99999.00000 -99999.00000 -99999.00000 -99999.00000 -99999.00000 -99999.00000 -99999.00000 -99999.00000 -99999.00000 -99999.00000 -99999.00000 100.00000 125.70685 137.40434 127.47330 120.54603 132.83514 156.16495 197.63774 219.70554 226.35779 220.34425 224.07033 270.22772 342.61151 396.76886 388.99084 338.62711 294.66376 281.27698 314.82379 403.24072 485.22302 498.11060 470.32672 438.36316 383.67215 322.75681 305.43283 362.61264 466.34341 575.70703 655.86670 699.97601 720.66351 722.59668 734.02087 1083.86926 749.67932 1636.73035 1561.39758 1875.12878 2644.35742 1230.72192 692.89685 363.73611 267.49289 202.08723
-99999.00000 -99999.00000 -99999.00000 -99999.00000 100.00000 103.40746 110.05226 110.92067 110.21841 118.95313 126.16434 150.98813 202.16530 239.94751 260.63303 249.77196 252.45222 275.04349 300.50122 317.92291 310.82007 299.21570 308.67511 357.18420 454.47055 553.73694 569.89819 494.42206 405.84302 350.11078 368.00638 486.06128 619.54016 657.59442 616.93646 557.91876 473.98645 378.25354 331.89523 374.53577 469.08749 586.98755 697.21820 782.61023 842.28284 931.24683 1526.53125 777.12799 1845.39685 1813.10291 2385.17676 3358.61597 1402.88599 772.17645 445.61633 300.24680 194.63618 170.97331
111.73547 101.98576 100.00000 133.88293 170.50203 178.90944 196.88416 209.45950 213.05916 215.55772 234.35803 265.65573 303.70752 350.36639 381.70401 385.70282 379.66925 391.34586 414.38342 419.51932 384.60709 348.37823 356.21667 423.18750 552.63507 709.32092 775.36328 693.60028 551.75647 449.07111 448.06357 574.24005 740.20148 807.68195 766.50952 677.38733 554.82813 437.69012 381.80179 403.05380 475.20941 581.07294 701.23511 818.17053 1047.72595 979.94080 2023.25549 2703.64551 1769.82141 2251.97583 3372.60889 1383.93274 653.38776 452.01917 300.32086 189.79713 141.10710 -99999.00000
195.84480 192.60948 203.00078 234.05185 261.75751 275.91348 283.72061 294.57220 301.61261 311.86584 331.22879 365.61505 412.08130 467.83636 514.85840 529.63263 524.45929 526.27020 540.71765 524.70300 453.82251 377.85938 369.68710 451.71198 622.50012 844.80914 982.68805 920.33844 747.66742 617.86554 589.83984 689.07703 854.55859 951.15613 922.13000 786.69293 626.49670 499.65372 440.50952 446.86575 495.25433 581.58844 711.72693 1218.61426 876.91193 765.75439 394.48154 4442.83594 1836.96838 910.93799 4466.12695 1986.44006 893.40515 651.43365 180.86496 131.89725 -99999.00000 -99999.00000
286.54626 290.78757 306.90591 335.24655 358.51648 368.18201 370.90887 370.93817 376.82043 390.16544 418.41006 463.17993 521.17542 594.46747 660.21521 692.31372 691.73376 686.70892 682.39178 645.01648 539.63690 414.76404 368.61566 451.62515 644.81561 929.82196 1164.17102 1140.74890 952.84155 853.43555 835.39746 880.22491 1000.79144 1108.96863 1070.97656 871.90741 682.68555 561.48132 507.90509 503.03308 542.63428 682.98010 768.70746 828.61481 1485.99487 868.17090 664.72314 4189.81104 1550.49365 8899359.00000 8944016.00000 8951308.00000 8953341.00000 8954452.00000 128.66058 -99999.00000 -99999.00000 -99999.00000
374.63922 388.60431 409.77411 443.97488 466.30768 468.46677 456.66284 440.53812 432.95865 447.67725 487.84021 550.24377 631.62451 726.53448 820.54480 877.34888 885.99377 871.78687 837.06702 757.63806 618.13470 468.95142 403.45117 457.99445 633.17676 947.37146 1303.16052 1347.37329 1062.86768 1066.33203 1331.63013 1364.25635 1990.19604 1525.72656 1411.27905 953.03094 711.22858 646.12769 709.27332 776.81152 664.86066 598.18744 482.31030 673.23358 973.56366 1424.40466 967.71869 2239.02368 8856127.00000 91437.24219 10703.35840 1351.99438 483.60892 249.47485 -99999.00000 -99999.00000 -99999.00000 -99999.00000
456.49118 471.97217 509.67087 560.07813 597.89264 592.65295 549.54706 502.49048 472.37512 479.12097 529.97101 618.22052 731.62708 861.43781 992.97302 1087.01868 1111.50317 1073.53381 991.70715 860.94501 697.41504 551.74890 480.26248 497.69565 625.47302 920.07953 1404.35852 1648.45544 1348.14673 1265.14307 1057.29126 1233.59998 6472785.00000 6524160.00000 6525680.00000 3314231.25000 2347659.25000 1825026.00000 1734427.12500 1607549.87500 331922.62500 93606.64063 28201.29102 8596.67578 3123.27466 1824.28186 1357.39465 8624173.00000 323899.50000 60160.83203 6212.74805 795.88867 380.97824 273.54102 125.11040 -99999.00000 -99999.00000 -99999.00000
522.14618 531.43225 578.20056 672.75708 774.19568 768.10785 671.47034 574.29376 503.80878 486.66629 537.22778 650.12006 804.41797 981.35632 1171.02283 1323.90881 1373.61938 1290.76746 1122.67908 955.97772 806.24200 667.57300 576.81738 561.15918 644.27277 963.51355 1654.15039 1808.89722 892.49390 2930221.00000 4632879.50000 6423550.00000 113892.88281 303.04572 309.99969 3680963.25000 4612759.00000 4261002.50000 3813282.50000 3858607.50000 4654511.50000 4804538.50000 4888368.50000 4606995.50000 4702607.50000 6202017.50000 7958229.50000 847487.81250 311454.81250 40097.08984 2520.94897 472.96915 342.39828 249.98248 148.91302 -99999.00000 -99999.00000 -99999.00000
584.65100 551.12964 582.94720 716.82996 945.03735 1035.70093 887.65552 700.67145 555.50238 485.79401 516.66357 637.20898 825.04370 1058.09326 1331.54138 1593.30212 1699.52661 1541.58630 1207.58569 986.24170 909.39929 815.08295 709.95813 652.13470 763.42273 2624954.75000 4530185.50000 4850357.00000 4944449.50000 2544528.75000 498030.37500 1308823.25000 487513.96875 288.56168 267.21112 348.27133 516.87451 898375.31250 1310909.62500 1453680.75000 1870978.37500 2029008.37500 1969815.25000 2257256.25000 2312877.25000 477972.90625 1061030.12500 746973.93750 1004301.56250 236394.35938 14056.83008 602.31433 355.10156 258.38303 187.48073 -99999.00000 -99999.00000 -99999.00000
661.40479 566.55920 537.26874 628.49164 926.58203 1272.29736 1263.63379 963.86414 673.92389 509.06873 498.93655 598.30408 785.37317 1057.84033 1428.18835 1918.77002 2458.34766 2470.24683 1607.70642 1013.19495 1121.19189 1174.61523 4961563.50000 4963159.50000 4964146.00000 2949308.50000 609181.81250 172399.65625 53616.85156 4952.83887 7706.31738 1151937.37500 442179.31250 312.14868 267.65408 349.84622 505.62958 799.41016 120008.91406 207233.20313 49047.83203 14958.62695 5418.41162 2575.40503 2089.10547 1158.58337 501143.68750 544009.50000 951301.68750 807197.12500 96269.83594 635.52716 392.80615 298.81805 234.68425 112.96207 -99999.00000 -99999.00000
765.25787 631.76917 525.85962 523.84613 764.50861 1281.83130 1606.40723 1378.57324 922.40308 622.07159 532.09589 569.62994 710.49951 973.54041 1567.31067 630532.25000 1059351.87500 249464.28125 1033.75745 4955394.00000 4957343.50000 4959192.00000 1418.70313 977.89276 768.56482 894.05060 1294.38672 1542.36426 1455.21399 1054.69775 24328.03906 1523447.87500 2714.49561 349.30270 270.00479 361.25067 512.27423 728.39410 951.24884 1044.76978 1335.58936 1421.78381 1383.19348 1322.39343 1289.09265 914.74799 194468.81250 437377.78125 839508.12500 917099.81250 464727.40625 552.96930 418.82806 329.53015 234.63478 133.05031 -99999.00000 -99999.00000
965.80469 821.16815 602.86865 493.52264 630.94037 1130.17993 1707.16040 1779.24841 1320.18152 852.49213 630.16718 577.61658 660.15216 1012.12817 2799230.00000 3019172.25000 3897868.25000 4742562.50000 4952385.00000 1653.98413 1227.08777 1189.23486 1143.93481 950.88635 789.85510 861.51447 1147.54822 1456.54871 1718.99951 2036.15869 171150.25000 1451708.50000 7159.72266 433.42706 309.77524 371.12585 497.70831 668.25311 811.97998 873.94067 991.79199 1071.34058 955.38318 908.13458 1018.18744 1173.08276 33617.96875 122204.50781 765623.75000 1230772.12500 656483.75000 493.78519 415.34692 332.86652 230.43318 127.68610 -99999.00000 -99999.00000
1129.45215 1094.15222 800.68549 577.72003 619.47443 984.92010 1579.58923 1972.67603 1811.87634 1337.99329 998.87250 1064.23438 964.17407 4933881.00000 2508380.00000 1716132.75000 335503.96875 101273.11719 1615.28052 1297.18677 1160.83545 1078.83887 983.91687 875.95331 793.90552 866.25098 1138.92126 1316.00098 2164.12915 4147.77979 674700.68750 1045181.56250 22533.80664 496.37579 392.02087 398.56354 472.87015 595.32092 706.10114 791.35040 901.11249 913.02740 788.76257 757.28815 897.65393 1024.18994 947.42444 755.52814 611.68213 1442348.37500 1153004.25000 482.48242 406.53857 323.27545 223.45251 125.35763 -99999.00000 -99999.00000
1156.29346 1316.87878 1134.75330 862.22174 772.11053 944.48206 1405.69482 586222.93750 138351.64063 41153.24609 706.70294 4915491.50000 4930342.00000 4092.98926 2702.16260 2005.69189 1645.68408 1365.67151 1192.89539 1144.18335 1116.15259 1014.20258 861.95898 772.65259 813.16003 955.41040 1126.90503 1335.33435 1427.87903 12306.97656 799571.75000 776696.43750 5056.85205 404.94162 400.44257 429.15259 460.59714 528.10724 629.89783 734.84790 809.85681 757.68042 635.54590 644.41730 854.38574 1021.13666 893.53723 660.25159 522.25177 499.14331 2381773.25000 543.89478 427.30597 331.62308 225.05734 120.48327 -99999.00000 -99999.00000
1077.80859 1353.12781 1777567.75000 1770162.75000 1511355.25000 563629.50000 3000430.00000 3286952.00000 4540854.00000 4815177.50000 4912848.50000 5901.50830 10126.16211 6388.30127 3479.88330 2334.70752 1857.93127 1281.38184 971.99182 978.51001 1006.10315 929.01514 788.99670 762.60693 905.42157 1068.67871 1084.26318 1334.60596 3058.91357 58844.92969 1158527.50000 392387.87500 420.23782 341.04498 331.13889 392.60138 429.41779 458.96014 547.30017 658.23682 706.95331 622.38300 522.16302 569.28784 836.84442 990.49719 790.79724 561.77051 499.63123 637.45428 2360194.25000 43196.99219 443.14938 338.67636 235.40878 120.85131 -99999.00000 -99999.00000
4854092.50000 4855971.00000 3149748.00000 3534473.75000 3917911.00000 4416156.50000 2299007.75000 1496393.12500 356254.50000 114559.02344 9466.47852 6400.13184 6588.72461 6266.84619 4066.98340 2475.01855 2010.21631 1416.82520 943.60284 906.94220 898.56158 829.79010 775.84937 828.88934 974.03870 1085.48779 1037.34045 939.41003 8858.72852 208394.75000 1080567.25000 426307.21875 464.32181 345.18002 299.65479 334.48547 376.54672 402.12555 472.28888 575.96307 606.87701 532.96759 479.53348 579.64917 816.42383 872.28711 675.38116 537.70099 546.45483 1547.12329 2222442.50000 272993.06250 443.02283 323.86795 221.13519 124.05963 -99999.00000 -99999.00000
