data/carea.asc
NCOLS 367
NROWS 415
XLLCORNER 712367.5000000000
YLLCORNER 9557227.5000000000
CELLSIZE 10.000000
NODATA_VALUE -99999.00000
[rows 75 to 99 of 415, columns 0 to 57 of 367]
1285.11230 2231.46924 2764.28613 3066.78247 3153.05396 3030.43750 2707.50684 2227.95020 1686.67188 1290.35547 1146.03333 1141.38770 1139.72913 1069.62915 1005.14850 1066.62170 1137.11182 1012.75079 771.27216 684.27820 685.53784 716.39117 794.56451 872.89752 931.14197 990.67615 1066.85254 1171.63892 1351.56104 1662.05640 2096.27637 2566.28442 3001.78955 3370.65356 3687.45190 3956.92261 4232.39502 4534.10107 4778.12305 4900.50586 4862.80029 4715.10645 4479.44141 4168.66553 3808.34668 3433.13110 3110.38916 2983.56787 3046.34668 3232.70996 3473.22949 3695.34448 4034.90112 4624.80859 5384.07617 6416.26367 7917.41943 10196.69434
1229.81409 2173.36548 2734.94067 3095.94800 3251.27881 3217.28906 3001.82642 2613.78345 2038.95667 1488.55432 1240.52173 1195.44568 1212.54028 1214.21045 1240.34277 1314.20752 1310.30310 1106.25830 811.18414 647.76514 626.02948 691.41339 819.12811 926.15967 978.14734 1014.82336 1059.74792 1129.59375 1237.97375 1440.98242 1753.62354 2151.66895 2574.12915 2982.90942 3342.43628 3657.73779 3938.32617 4224.42627 4506.41699 4734.58496 4824.42529 4773.11328 4585.13330 4265.49658 3840.61670 3354.82568 2879.87305 2608.80078 2585.26196 2698.30615 2881.84424 3058.40063 3291.68042 3718.63745 4384.16943 5327.00244 6756.98926 8938.10645
1152.58118 2066.79199 2666.09375 3097.10913 3328.17310 3373.80518 3232.22876 2936.68872 2449.15723 1850.67078 1450.58850 1309.51599 1311.16541 1410.33582 1591.24609 1621.38477 1469.97949 1210.33484 889.76819 636.50696 541.14020 617.16656 817.73584 989.22308 1052.04736 1078.40991 1103.47253 1142.71265 1208.03015 1336.69543 1551.80347 1849.84814 2201.49756 2567.25000 2941.76074 3284.43262 3600.32959 3899.82300 4189.12256 4466.83398 4671.54395 4759.76025 4676.83740 4442.06885 4087.23267 3621.06323 3100.05615 2652.64600 2452.25146 2456.91016 2590.05054 2769.72485 2944.46802 3184.61768 3614.58862 4317.15283 5429.32568 7250.20605
1063.17957 1930.97168 2558.40796 3064.60132 3392.20972 3519.32104 3447.94922 3212.54663 2816.70654 2235.52148 1716.76465 1446.66675 1399.23035 1585.84485 1916.10583 1948.34155 1657.68970 1292.19116 912.75977 632.05048 482.58963 485.99402 687.77356 956.08990 1119.34766 1176.73828 1198.05164 1217.82251 1258.20984 1331.28552 1470.67371 1687.97229 1949.03186 2240.42383 2568.02979 2909.12354 3243.41577 3555.64429 3871.71631 4177.63770 4471.12500 4681.39746 4782.70605 4734.42334 4502.93164 4075.91406 3559.01831 3054.65991 2658.90405 2483.53857 2510.37354 2672.93872 2849.04370 3003.05615 3219.47559 3628.76196 4342.12402 5551.04395
970.08533 1783.51941 2418.07739 2994.59009 3423.68579 3654.88770 3665.79297 3508.85742 3160.24829 2609.34106 2016.79553 1617.79590 1501.83899 1740.91296 2223.33325 2251.49268 1794.16003 1294.02380 883.65186 615.29926 453.30524 414.23569 525.95288 772.19910 1047.01257 1222.44116 1301.36035 1337.90088 1363.22485 1396.44922 1475.82153 1628.94519 1824.10718 2033.61304 2282.71313 2574.74243 2885.40088 3201.17041 3517.06958 3853.33179 4205.54785 4537.67188 4818.91309 4992.14453 4879.66748 4542.56445 4087.72168 3607.31592 3173.87988 2810.06079 2660.14160 2728.08447 2907.78955 3054.18774 3139.08521 3300.91772 3658.26709 4322.04492
877.10168 1631.37244 2263.53784 2890.00537 3409.41431 3751.18408 3872.73291 3816.74756 3555.71631 3027.71509 2379.83716 1863.36597 1669.49841 1932.95618 2480.12207 2430.88940 1837.27136 1296.99158 893.69910 633.93579 470.59937 401.92737 437.69565 595.70782 861.93488 1135.52966 1327.55322 1431.78040 1480.02502 1496.17444 1521.05750 1608.08337 1755.48779 1930.00208 2116.07007 2341.60547 2605.27563 2882.18262 3165.42139 3477.05469 3856.72998 4265.10693 4695.84131 5032.89551 5099.75928 4880.56201 4519.73486 4164.89551 3820.72144 3380.14331 3023.62329 2906.22949 2988.79688 3127.36304 3190.99341 3223.40088 3343.12524 3658.19653
782.97876 1476.03113 2093.00146 2751.96777 3357.80029 3796.29663 4044.75098 4122.67383 4002.07788 3556.04102 2865.34106 2220.63477 1967.08838 2268.25146 2691.53149 2522.15137 1908.84338 1363.73535 965.27472 691.38068 502.27237 388.44382 380.38950 491.93344 700.10571 973.89709 1233.11096 1426.33740 1542.85718 1590.83447 1596.60291 1634.66333 1753.68420 1906.72778 2053.04883 2231.37329 2457.39746 2672.45068 2864.91479 3098.91089 3445.94604 3917.03369 4415.51074 4841.06006 5058.27539 4986.28418 4749.58936 4494.97754 4252.64990 3901.05786 3436.53027 3099.85059 3011.91235 3076.23828 3168.12207 3213.78711 3276.03223 3430.31689
691.01672 1309.74097 1894.46375 2561.43750 3246.47217 3799.41553 4160.84473 4396.27734 4465.09473 4224.53955 3550.10693 2745.00903 2379.56787 2629.87793 2878.91479 2621.20386 2030.19653 1474.75513 1051.43005 730.96942 505.35120 365.30298 339.18311 432.80524 594.20789 817.41180 1074.81384 1315.80457 1505.30042 1626.73364 1683.20850 1724.86743 1811.56482 1944.06812 2079.42383 2235.44116 2430.50659 2597.05688 2686.93604 2788.37720 3081.36475 3537.28296 4064.01929 4530.02686 4805.46680 4839.14063 4718.50146 4590.06885 4437.14160 4215.69531 3800.21777 3336.49365 3073.92798 3001.33496 3052.08032 3167.03613 3305.67065 3488.30518
606.09009 1144.77734 1668.88928 2307.77075 3025.68555 3690.28394 4201.49268 4578.69824 4871.87646 4963.24121 4529.14453 3530.20093 2907.69360 3020.89185 3105.47852 2770.49268 2164.25562 1573.79810 1079.49390 709.22943 481.18695 356.45493 335.55319 409.72470 536.22241 710.46210 926.63422 1166.79541 1399.26782 1597.49500 1722.09937 1797.61279 1885.04333 2018.87000 2171.33008 2337.17773 2515.55200 2647.79346 2646.76587 2618.05591 2800.26807 3214.08081 3743.21704 4206.72217 4484.98779 4552.57080 4500.73877 4461.84766 4472.91895 4414.64600 4188.55615 3779.63599 3376.39380 3095.60767 2990.17554 3079.30835 3299.05249 3613.88550
529.89343 985.88733 1438.59875 2011.99670 2714.85571 3445.61548 4083.63794 4576.24365 5053.27100 5543.88770 5631.98975 4695.05664 3675.90601 3473.66748 3383.46167 2928.97461 2266.30615 1607.68335 1031.63696 656.90747 462.87708 368.73938 359.94897 423.04346 523.33038 658.42639 835.44006 1057.79126 1295.15051 1513.43628 1684.04846 1803.76440 1919.42639 2079.43286 2279.61426 2496.86011 2701.26855 2808.71045 2738.90234 2606.15698 2645.78809 2966.53174 3489.19067 3963.25269 4200.73389 4233.81104 4170.83984 4189.98682 4324.18457 4436.54248 4424.22949 4255.97314 3979.57300 3546.79956 3190.82617 3087.19580 3210.87109 3530.66870
458.34045 838.27399 1217.81250 1724.08813 2364.00879 3109.04761 3805.52051 4377.82178 4935.50830 5689.43945 6365.74609 6007.52686 4785.01514 4019.94214 3678.73877 3054.57129 2293.37329 1546.07483 939.95325 611.19489 460.94943 394.54654 400.91876 462.19754 545.24286 655.39233 805.50061 1001.89221 1222.64063 1433.59644 1603.18335 1736.65918 1877.45740 2082.87915 2356.36523 2666.84204 2951.39111 3066.35254 2915.16211 2678.06812 2603.58350 2814.14404 3297.38379 3789.34741 4034.05713 4009.59351 3849.33521 3828.56665 4032.27734 4234.23682 4338.08984 4369.23730 4397.76660 4158.77002 3676.50073 3288.10986 3135.11987 3226.99585
405.93610 712.17065 1024.20593 1466.80188 2050.94312 2760.06421 3487.48364 4107.92334 4713.19092 5542.37744 6551.74951 6877.81201 5975.16943 4756.89551 3948.34595 3139.31665 2245.37573 1430.94409 871.78107 599.46075 478.42291 430.63947 450.27228 509.54352 583.41443 680.77069 821.78070 1003.85474 1197.28857 1386.04102 1535.71179 1640.39160 1764.54907 2000.00745 2343.17896 2762.68530 3204.98584 3417.74243 3165.26538 2787.58716 2626.65259 2756.03711 3168.00342 3676.42480 3968.08521 3923.69946 3682.21240 3575.62305 3741.79883 3924.51025 3982.40039 4098.84375 4249.61572 4354.03027 4104.90527 3627.84912 3200.65625 2947.17407
383.13550 628.21869 879.28113 1274.74438 1810.84399 2472.86328 3200.36475 3875.05640 4524.13867 5371.80713 6450.85156 7112.46484 6707.04590 5444.70996 4205.38574 3177.27783 2205.36328 1391.92505 880.86987 627.77319 517.09723 485.73474 510.00504 556.26898 618.77325 710.03021 854.22479 1040.56641 1222.61633 1390.68665 1522.54846 1587.59827 1653.53943 1868.64014 2234.17480 2713.30005 3317.19971 3749.83936 3467.17871 2954.67651 2703.59985 2780.88647 3141.50293 3625.41772 3933.00732 3911.78442 3679.65918 3533.90894 3629.51465 3709.37769 3648.14917 3662.05298 3888.68945 4184.07617 4279.17627 4030.95044 3574.52124 3082.83936
387.31512 591.28265 798.40448 1158.37842 1654.93274 2286.23633 3021.84644 3755.95288 4481.79736 5328.82617 6271.21094 6932.25391 6811.95996 5822.04688 4458.98828 3255.68237 2261.85254 1472.46350 956.85370 696.13049 597.79852 585.68597 591.83209 607.16388 647.50226 729.98077 874.15143 1073.41479 1275.28174 1447.41284 1575.13367 1631.31128 1661.28259 1804.67334 2119.19873 2571.49634 3216.68750 3812.85669 3702.75806 3146.12915 2834.96997 2870.17236 3200.92822 3644.10254 3908.01196 3860.49805 3648.46387 3529.29834 3652.14917 3661.98853 3459.82275 3359.64014 3517.97900 3891.55615 4235.78564 4331.20605 4130.32227 3645.52222
410.96564 616.87885 790.51373 1106.58899 1569.45862 2199.07861 2972.53369 3802.41577 4623.78174 5428.95020 6112.68164 6565.17725 6473.97021 5785.89648 4691.20898 3605.60376 2626.60205 1810.73840 1206.40393 869.81134 741.15869 718.26672 708.02386 671.75891 680.69305 748.03296 886.14709 1093.06494 1321.11145 1520.00781 1664.40540 1746.62781 1785.74182 1887.62952 2131.04126 2506.51929 3064.59229 3676.05786 3737.00562 3264.42041 2972.75269 3008.27588 3322.34814 3728.78564 3899.76611 3780.53931 3533.58423 3390.96753 3527.89990 3634.19458 3415.81201 3179.50684 3225.77734 3507.11719 3899.59570 4312.39648 4616.39502 4504.47266
441.12549 695.64679 845.79657 1104.64221 1536.56567 2200.60767 3067.38794 4027.09229 5023.16064 5936.20459 6395.22656 6411.58594 6077.91455 5394.22607 4624.16553 3781.05542 2999.37476 2308.57397 1652.25024 1159.99561 939.08264 876.50287 839.54279 763.39996 727.11798 773.23248 902.74365 1104.92664 1345.83289 1565.91846 1742.50452 1871.66040 1976.22449 2122.87988 2350.11157 2587.25439 2958.30469 3523.26245 3705.58276 3364.06714 3083.96826 3117.90430 3461.38501 3862.01831 3949.46509 3764.39771 3440.34229 3204.00317 3295.13623 3541.17285 3457.57666 3141.84229 3029.48730 3109.90552 3363.73413 3856.87305 4627.52246 5160.06494
464.04291 808.68036 956.51624 1150.88110 1562.20764 2299.13257 3311.03564 4438.56494 5681.34180 6552.95264 6683.27051 6357.35156 5726.89746 4907.10010 4289.97559 3669.76929 3071.77563 2597.87378 2115.19385 1603.67566 1244.39917 1083.30115 983.18414 856.80103 769.15576 793.49963 915.64606 1113.42664 1348.71570 1568.31506 1760.76221 1954.46985 2164.21460 2453.35986 2778.95142 2878.99707 3018.57715 3439.45435 3669.11768 3481.20874 3212.78564 3198.40918 3533.08911 3958.44507 4088.16943 3900.67188 3498.64771 3074.27051 3055.47217 3409.53906 3542.19409 3288.65771 2989.06763 2824.46655 2761.93628 2996.14014 3758.46704 4794.18115
428.45120 1011.32190 1282.04102 1372.95166 1743.30713 2567.74072 3733.29956 5003.91943 6269.01318 7065.10107 7043.04639 6394.43799 5345.67773 4386.12744 3848.31323 3430.44580 2915.83423 2530.64697 2305.87891 2028.82349 1670.40405 1390.06226 1183.07520 960.22253 797.11938 788.94098 898.51282 1097.92981 1336.08801 1529.70117 1700.43506 1941.60400 2290.32690 2728.65991 3245.98682 3434.69287 3394.94507 3548.11011 3693.41821 3607.04077 3399.12598 3335.09985 3562.75928 3950.98267 4211.42480 4196.84961 3792.62476 3181.37500 2944.46509 3209.85181 3542.03003 3494.18750 3135.09937 2784.76538 2413.42993 2166.35547 2494.65454 3713.36108
199.38107 759.91626 1727.07373 2392.44165 2808.11450 3434.65723 4589.00732 5503.62207 6651.05908 7576.61133 7470.26611 6374.81934 4880.21387 3826.30347 3495.56006 3285.83154 2767.64038 2299.58350 2198.53418 2229.95117 2070.01831 1773.51355 1469.03369 1144.67139 879.85858 787.10358 836.41187 1019.97278 1283.18909 1463.51086 1602.52649 1851.36963 2212.01514 2752.08936 3481.57275 4009.92310 4032.99292 3947.21631 3904.22363 3823.88501 3685.52808 3555.19531 3616.22266 3889.52783 4234.31250 4485.22949 4330.42969 3639.18750 3035.73926 3047.18091 3435.65479 3646.05908 3399.19141 2980.87744 2502.94312 1844.32129 1846.91638 2889.71216
152.76573 334.09790 710.38324 1834.45898 3122.67456 5236.46436 7039.40039 6580.96143 7274.51953 8212.29297 7929.45801 6299.92969 4367.92236 3267.99316 3271.05933 3315.89429 2717.49927 2066.45459 1980.98889 2219.28931 2289.31470 2095.08887 1796.62146 1432.89514 1054.20886 823.17694 772.49176 870.40118 1115.22083 1352.06433 1498.16260 1643.53308 1936.17798 2415.65283 3283.73755 4208.55078 4627.44580 4538.36914 4319.03711 4167.36426 4065.43262 3863.15039 3736.12720 3838.13062 4147.57764 4593.54590 4885.38037 4361.98145 3391.32739 3097.55127 3382.49219 3736.29272 3675.99976 3250.70654 2703.07935 2050.64111 1846.27649 2707.57983
173.90486 312.32022 462.69873 690.14075 1393.73950 3490.62720 8367.69824 10721.57910 9923.00000 9557.92578 8381.77344 6264.24121 4013.51514 2971.75537 3203.86670 3404.40454 2740.79932 1988.21790 1856.51355 2141.98169 2305.99414 2224.19922 2045.09424 1765.13843 1298.36621 900.20007 753.62775 760.83795 925.73187 1204.23645 1381.07300 1468.88708 1636.79980 2007.91284 2767.20459 3904.95532 4845.79492 5071.60693 4825.74561 4561.47412 4406.49023 4200.11328 3937.85864 3830.66211 3984.57837 4435.11133 5003.86230 4829.46045 3944.54614 3454.06299 3567.67847 3900.26465 3910.38623 3435.98022 2749.90771 2092.63940 1781.67664 1887.03479
187.49142 317.87219 433.35114 563.51898 755.07037 1173.06287 3826.86157 11360.81934 16356.06543 14073.31543 9801.55273 6487.14453 4000.82178 2943.92456 3173.02539 3465.50830 2783.89771 2033.11365 1878.78113 2110.90088 2218.78027 2192.61353 2163.38940 2011.84351 1543.52002 1034.00049 802.41949 753.08679 841.57935 1097.33716 1319.41907 1381.43616 1429.97900 1665.65479 2241.74487 3312.20288 4607.54492 5341.67236 5310.27930 4983.54736 4688.59375 4457.61768 4155.13574 3863.44482 3828.05249 4250.13916 4939.64453 4784.83984 4046.12500 3771.17236 3896.63965 4214.92578 4189.40332 3554.91553 2658.31250 1885.25110 1375.93518 1053.42798
196.21159 322.65881 425.95309 554.98206 721.40753 950.66595 1345.56616 4529.51221 15110.11621 24707.99023 19545.94336 9836.68555 4378.19043 3084.47339 3235.44238 3484.69775 2804.23584 2108.71484 1971.95544 2113.78613 2124.37256 2158.30566 2265.50781 2190.24731 1733.81750 1177.00037 907.13092 850.31030 906.20764 1088.07031 1281.75635 1334.47729 1321.61890 1437.06421 1820.25085 2665.49951 4021.99438 5249.85449 5698.52197 5452.30713 4994.91748 4668.25391 4349.14355 3922.01416 3686.14648 4111.67871 5121.37256 5141.56592 4131.92920 3748.39673 4000.47339 4582.03027 4629.25391 3618.98853 2491.40576 1715.96826 1175.40625 811.16095
201.10379 327.89468 424.30801 552.99591 714.80438 921.51239 1205.43542 1665.73865 3323.37256 15139.99316 32272.29883 32077.45703 13701.39648 4812.06104 3631.54370 3538.54492 2896.63208 2315.12061 2157.18433 2169.69946 2086.02563 2186.47949 2399.69165 2360.57666 1895.04736 1287.24683 981.10840 965.15973 1060.03613 1197.68750 1328.77576 1297.33203 1221.11877 1281.21021 1552.98828 2174.98193 3343.33081 4827.09570 5856.17188 5946.28760 5425.79248 4939.60205 4536.89551 4008.37329 3557.83276 3827.87793 5223.56689 6111.08691 4939.08936 3746.73462 3867.27954 4988.64160 6107.93457 3921.19409 2359.11108 1678.22607 7514.14502 2345454.50000
200.52461 324.12021 411.31210 531.05634 688.12415 878.48065 1112.95825 1397.77002 1690.32593 2203.35034 7160.29492 28752.10352 40472.15625 24458.39648 8767.84473 4687.01416 3301.50635 2608.42676 2404.25879 2388.52930 2253.67505 2285.78638 2525.66309 2555.57373 2092.88208 1372.22717 953.88965 957.52271 1155.61072 1385.39014 1473.38110 1270.76477 1123.17224 1175.06299 1404.39575 1876.80127 2779.73706 4234.15576 5753.43457 6357.01221 5892.24365 5277.90186 4752.50684 4112.98242 3540.01685 3475.09839 4701.76709 7346.47217 7735.54443 6083.08057 1366960.62500 2154517.75000 2281488.75000 2327991.75000 2331823.75000 2334880.25000 2336202.50000 4441.02539
