data/hillshade.asc
NCOLS 367
NROWS 415
XLLCORNER 712367.5000000000000000
YLLCORNER 9557227.5000000000000000
CELLSIZE 10.0000000000000000
NODATA_VALUE -99999.00000
[rows 0 to 28 of 415, columns 195 to 259 of 367]
-99999.00000 -99999.00000 -99999.00000 -99999.00000 -99999.00000 -99999.00000 -99999.00000 -99999.00000 -99999.00000 -99999.00000 -99999.00000 -99999.00000 -99999.00000 -99999.00000 -99999.00000 -99999.00000 -99999.00000 -99999.00000 -99999.00000 -99999.00000 -99999.00000 -99999.00000 -99999.00000 -99999.00000 -99999.00000 -99999.00000 -99999.00000 -99999.00000 -99999.00000 -99999.00000 -99999.00000 -99999.00000 -99999.00000 -99999.00000 -99999.00000 -99999.00000 -99999.00000 -99999.00000 -99999.00000 -99999.00000 -99999.00000 -99999.00000 -99999.00000 -99999.00000 -99999.00000 -99999.00000 -99999.00000 -99999.00000 -99999.00000 -99999.00000 -99999.00000 -99999.00000 -99999.00000 -99999.00000 -99999.00000 -99999.00000 -99999.00000 -99999.00000 -99999.00000 -99999.00000 -99999.00000 -99999.00000 -99999.00000 -99999.00000 -99999.00000
-99999.00000 -99999.00000 -99999.00000 -99999.00000 -99999.00000 -99999.00000 -99999.00000 -99999.00000 -99999.00000 -99999.00000 -99999.00000 -99999.00000 -99999.00000 -99999.00000 -99999.00000 -99999.00000 -99999.00000 -99999.00000 -99999.00000 -99999.00000 -99999.00000 -99999.00000 -99999.00000 -99999.00000 -99999.00000 -99999.00000 -99999.00000 -99999.00000 -99999.00000 -99999.00000 -99999.00000 -99999.00000 -99999.00000 -99999.00000 -99999.00000 -99999.00000 -99999.00000 -99999.00000 -99999.00000 -99999.00000 -99999.00000 -99999.00000 -99999.00000 -99999.00000 -99999.00000 -99999.00000 -99999.00000 -99999.00000 -99999.00000 -99999.00000 -99999.00000 -99999.00000 -99999.00000 -99999.00000 -99999.00000 -99999.00000 -99999.00000 -99999.00000 -99999.00000 -99999.00000 -99999.00000 -99999.00000 -99999.00000 -99999.00000 -99999.00000
-99999.00000 -99999.00000 -99999.00000 -99999.00000 -99999.00000 -99999.00000 -99999.00000 -99999.00000 -99999.00000 -99999.00000 -99999.00000 -99999.00000 -99999.00000 -99999.00000 -99999.00000 -99999.00000 -99999.00000 -99999.00000 -99999.00000 -99999.00000 -99999.00000 -99999.00000 -99999.00000 -99999.00000 -99999.00000 -99999.00000 -99999.00000 -99999.00000 -99999.00000 -99999.00000 -99999.00000 -99999.00000 -99999.00000 -99999.00000 -99999.00000 -99999.00000 -99999.00000 -99999.00000 -99999.00000 -99999.00000 -99999.00000 -99999.00000 -99999.00000 -99999.00000 -99999.00000 -99999.00000 -99999.00000 -99999.00000 -99999.00000 -99999.00000 -99999.00000 -99999.00000 -99999.00000 -99999.00000 -99999.00000 -99999.00000 -99999.00000 -99999.00000 -99999.00000 -99999.00000 -99999.00000 -99999.00000 -99999.00000 -99999.00000 -99999.00000
-99999.00000 -99999.00000 -99999.00000 -99999.00000 -99999.00000 -99999.00000 -99999.00000 -99999.00000 -99999.00000 -99999.00000 -99999.00000 -99999.00000 -99999.00000 -99999.00000 -99999.00000 -99999.00000 -99999.00000 -99999.00000 -99999.00000 -99999.00000 -99999.00000 -99999.00000 -99999.00000 -99999.00000 -99999.00000 -99999.00000 -99999.00000 -99999.00000 -99999.00000 -99999.00000 -99999.00000 -99999.00000 -99999.00000 -99999.00000 -99999.00000 -99999.00000 -99999.00000 -99999.00000 -99999.00000 -99999.00000 -99999.00000 -99999.00000 -99999.00000 -99999.00000 -99999.00000 -99999.00000 -99999.00000 -99999.00000 -99999.00000 -99999.00000 -99999.00000 -99999.00000 -99999.00000 -99999.00000 -99999.00000 -99999.00000 -99999.00000 -99999.00000 -99999.00000 -99999.00000 -99999.00000 -99999.00000 -99999.00000 -99999.00000 -99999.00000
1.21501 1.14723 1.06270 1.00881 1.01348 -99999.00000 -99999.00000 -99999.00000 -99999.00000 -99999.00000 -99999.00000 -99999.00000 -99999.00000 -99999.00000 -99999.00000 -99999.00000 -99999.00000 -99999.00000 -99999.00000 -99999.00000 -99999.00000 -99999.00000 -99999.00000 -99999.00000 -99999.00000 -99999.00000 -99999.00000 -99999.00000 -99999.00000 -99999.00000 -99999.00000 -99999.00000 -99999.00000 -99999.00000 -99999.00000 -99999.00000 -99999.00000 -99999.00000 -99999.00000 -99999.00000 -99999.00000 -99999.00000 -99999.00000 -99999.00000 -99999.00000 -99999.00000 -99999.00000 -99999.00000 -99999.00000 -99999.00000 -99999.00000 -99999.00000 -99999.00000 -99999.00000 -99999.00000 -99999.00000 -99999.00000 -99999.00000 -99999.00000 -99999.00000 -99999.00000 -99999.00000 -99999.00000 -99999.00000 -99999.00000
1.29242 1.21411 1.12723 1.08766 1.10725 1.09222 1.04821 1.01091 0.95118 0.94947 -99999.00000 -99999.00000 -99999.00000 -99999.00000 -99999.00000 -99999.00000 -99999.00000 -99999.00000 -99999.00000 -99999.00000 -99999.00000 -99999.00000 -99999.00000 -99999.00000 -99999.00000 -99999.00000 -99999.00000 -99999.00000 -99999.00000 -99999.00000 -99999.00000 -99999.00000 -99999.00000 -99999.00000 -99999.00000 -99999.00000 -99999.00000 -99999.00000 -99999.00000 -99999.00000 -99999.00000 -99999.00000 -99999.00000 -99999.00000 -99999.00000 -99999.00000 -99999.00000 -99999.00000 -99999.00000 -99999.00000 -99999.00000 -99999.00000 -99999.00000 -99999.00000 -99999.00000 -99999.00000 -99999.00000 -99999.00000 -99999.00000 -99999.00000 -99999.00000 -99999.00000 -99999.00000 -99999.00000 -99999.00000
1.32371 1.24277 1.16916 1.13703 1.12247 1.09086 1.07459 1.03752 1.01086 1.02131 1.08102 1.02681 1.08640 -99999.00000 -99999.00000 -99999.00000 -99999.00000 -99999.00000 -99999.00000 -99999.00000 -99999.00000 -99999.00000 -99999.00000 -99999.00000 -99999.00000 -99999.00000 -99999.00000 -99999.00000 -99999.00000 -99999.00000 -99999.00000 -99999.00000 -99999.00000 -99999.00000 -99999.00000 -99999.00000 -99999.00000 -99999.00000 -99999.00000 -99999.00000 -99999.00000 -99999.00000 -99999.00000 -99999.00000 -99999.00000 -99999.00000 -99999.00000 -99999.00000 -99999.00000 -99999.00000 -99999.00000 -99999.00000 -99999.00000 -99999.00000 -99999.00000 -99999.00000 -99999.00000 -99999.00000 -99999.00000 -99999.00000 -99999.00000 -99999.00000 -99999.00000 -99999.00000 -99999.00000
1.27108 1.20502 1.15567 1.13844 1.13907 1.14077 1.13437 1.11860 1.11933 1.13769 1.15844 1.18327 1.23444 1.30388 1.21163 1.32468 -99999.00000 -99999.00000 -99999.00000 -99999.00000 -99999.00000 -99999.00000 -99999.00000 -99999.00000 -99999.00000 -99999.00000 -99999.00000 -99999.00000 -99999.00000 -99999.00000 -99999.00000 -99999.00000 -99999.00000 -99999.00000 -99999.00000 -99999.00000 -99999.00000 -99999.00000 -99999.00000 -99999.00000 -99999.00000 -99999.00000 -99999.00000 -99999.00000 -99999.00000 -99999.00000 -99999.00000 -99999.00000 -99999.00000 -99999.00000 -99999.00000 -99999.00000 -99999.00000 -99999.00000 -99999.00000 -99999.00000 -99999.00000 -99999.00000 -99999.00000 -99999.00000 1.20529 1.32008 1.31555 1.28307 1.34518
1.27490 1.23190 1.19719 1.18135 1.18095 1.18998 1.20026 1.20942 1.23907 1.28826 1.33467 1.36492 1.36361 1.36727 1.40432 1.53356 1.55075 1.55732 -99999.00000 -99999.00000 -99999.00000 -99999.00000 -99999.00000 -99999.00000 -99999.00000 -99999.00000 -99999.00000 -99999.00000 -99999.00000 -99999.00000 -99999.00000 -99999.00000 -99999.00000 -99999.00000 -99999.00000 -99999.00000 -99999.00000 -99999.00000 -99999.00000 -99999.00000 -99999.00000 -99999.00000 -99999.00000 -99999.00000 -99999.00000 -99999.00000 -99999.00000 -99999.00000 -99999.00000 -99999.00000 -99999.00000 -99999.00000 -99999.00000 -99999.00000 1.29710 1.31424 1.30466 1.29605 1.40448 1.45876 1.39992 1.47935 1.48464 1.45886 1.45364
1.33091 1.30378 1.27241 1.25160 1.24835 1.26500 1.29474 1.33036 1.37699 1.42878 1.46805 1.48433 1.49374 1.51686 1.55849 1.58988 1.61999 1.70442 1.74479 1.71337 1.70542 -99999.00000 -99999.00000 -99999.00000 -99999.00000 -99999.00000 -99999.00000 -99999.00000 -99999.00000 -99999.00000 -99999.00000 -99999.00000 -99999.00000 -99999.00000 -99999.00000 -99999.00000 -99999.00000 -99999.00000 -99999.00000 -99999.00000 -99999.00000 -99999.00000 -99999.00000 -99999.00000 -99999.00000 -99999.00000 -99999.00000 -99999.00000 1.31936 1.38568 1.38594 1.43531 1.50336 1.48231 1.41769 1.45905 1.45241 1.44610 1.48624 1.52696 1.58725 1.63919 1.62585 1.59696 1.57134
1.41694 1.39260 1.35869 1.33345 1.33052 1.35735 1.40794 1.46296 1.51439 1.55972 1.58572 1.58848 1.58763 1.60338 1.63623 1.67961 1.72574 1.76267 1.76450 1.77372 1.80564 1.84161 1.66084 1.66700 -99999.00000 -99999.00000 -99999.00000 -99999.00000 -99999.00000 -99999.00000 -99999.00000 -99999.00000 -99999.00000 -99999.00000 -99999.00000 -99999.00000 -99999.00000 -99999.00000 -99999.00000 -99999.00000 -99999.00000 1.28086 1.23206 1.24789 1.28656 1.41269 1.47362 1.47295 1.44602 1.52689 1.55940 1.58966 1.60094 1.59302 1.60927 1.59967 1.56160 1.52631 1.52927 1.58305 1.65493 1.69948 1.70776 1.69549 1.67458
1.51769 1.48931 1.45436 1.42842 1.42603 1.46407 1.53410 1.59836 1.64150 1.67223 1.68435 1.67735 1.66981 1.68033 1.70645 1.73846 1.77446 1.80919 1.83294 1.84450 1.84185 1.81008 1.77736 1.79832 1.76136 1.56291 1.59045 -99999.00000 -99999.00000 -99999.00000 -99999.00000 -99999.00000 -99999.00000 -99999.00000 -99999.00000 1.14148 1.09922 1.07145 1.22783 1.33071 1.34013 1.30706 1.35374 1.40315 1.44256 1.49830 1.52750 1.56230 1.62264 1.66806 1.68927 1.69466 1.68992 1.68098 1.66377 1.62846 1.57443 1.52895 1.53596 1.61618 1.71910 1.78525 1.80749 1.79834 1.77993
1.62006 1.58767 1.55272 1.52934 1.53383 1.58344 1.66825 1.72511 1.74872 1.76121 1.76222 1.75007 1.74186 1.74948 1.76421 1.78223 1.80843 1.83477 1.85443 1.87044 1.87882 1.86127 1.81367 1.75001 1.70305 1.67437 1.71098 1.60858 1.36136 1.17685 1.08596 0.99566 1.11566 1.17074 1.15328 1.18107 1.23126 1.27126 1.35891 1.40171 1.42054 1.45388 1.49380 1.50353 1.51680 1.53963 1.57481 1.62111 1.67016 1.71203 1.73838 1.74573 1.74084 1.72727 1.70024 1.65469 1.59627 1.55465 1.57199 1.67696 1.80516 1.87452 1.89060 1.87563 1.85488
1.69843 1.66508 1.63546 1.62433 1.64492 1.71384 1.79497 1.82357 1.81992 1.81792 1.81635 1.80691 1.79902 1.79683 1.79768 1.80497 1.82455 1.84511 1.85824 1.87596 1.89416 1.87067 1.79763 1.74034 1.72014 1.70817 1.63355 1.51899 1.37500 1.27984 1.20436 1.16833 1.21654 1.22938 1.24658 1.31695 1.35647 1.38475 1.41559 1.44441 1.46422 1.47382 1.47961 1.48526 1.49700 1.52514 1.57481 1.64153 1.70647 1.75908 1.78969 1.79817 1.79095 1.76967 1.73489 1.68740 1.63772 1.61096 1.64827 1.77668 1.89744 1.94289 1.94166 1.91193 1.87349
1.73859 1.70926 1.69469 1.70598 1.74803 1.81931 1.86845 1.86497 1.84352 1.83971 1.84660 1.84597 1.83499 1.81974 1.80690 1.80771 1.82931 1.84604 1.84096 1.85486 1.89091 1.88286 1.81147 1.74773 1.70887 1.66057 1.57370 1.49674 1.43030 1.35544 1.29695 1.26577 1.25883 1.27147 1.29064 1.31318 1.33660 1.36057 1.38881 1.42114 1.44659 1.46153 1.46780 1.46795 1.47750 1.51248 1.58231 1.67042 1.75252 1.81241 1.84352 1.85046 1.83685 1.80735 1.76583 1.72019 1.68563 1.68380 1.74229 1.86248 1.94999 1.96970 1.95015 1.89555 1.81027
1.73850 1.71635 1.72277 1.76328 1.82372 1.86978 1.87076 1.84083 1.81734 1.82812 1.85760 1.86773 1.85146 1.82401 1.79952 1.80205 1.83417 1.84147 1.80591 1.80655 1.86350 1.88012 1.85398 1.78916 1.70588 1.60856 1.51375 1.46140 1.40779 1.33528 1.27226 1.24194 1.24159 1.25808 1.27994 1.29996 1.31462 1.32981 1.35502 1.39294 1.43124 1.46160 1.46787 1.46402 1.47545 1.51946 1.60606 1.71458 1.80863 1.86849 1.89585 1.89724 1.87581 1.83574 1.78521 1.74000 1.72175 1.74447 1.80830 1.89018 1.93914 1.93913 1.89863 1.80192 1.64796
1.69648 1.68248 1.70853 1.77092 1.84125 1.85730 1.80922 1.75810 1.74770 1.79531 1.85408 1.86680 1.83898 1.79935 1.77285 1.78347 1.80820 1.77573 1.68063 1.62572 1.66791 1.70381 1.78501 1.82850 1.67724 1.53497 1.46402 1.43310 1.37932 1.30059 1.23597 1.21113 1.21775 1.24480 1.27210 1.28674 1.29222 1.29662 1.31454 1.35717 1.41858 1.46625 1.48099 1.49028 1.51330 1.56147 1.65493 1.77542 1.87018 1.92194 1.94083 1.93498 1.90465 1.85116 1.78576 1.73403 1.72855 1.76813 1.81705 1.85418 1.86035 1.82659 1.74338 1.57489 1.33626
1.60084 1.60068 1.63665 1.69914 1.76365 1.74561 1.66035 1.61200 1.64333 1.73416 1.80331 1.79919 1.73691 1.66162 1.61899 1.63076 1.62103 1.43688 0.97680 0.40915 0.73529 1.15054 1.41587 1.62750 1.51252 1.34766 1.32964 1.33525 1.29457 1.21745 1.15986 1.14722 1.17183 1.21440 1.24888 1.26027 1.26459 1.26326 1.27412 1.32534 1.40857 1.48084 1.53253 1.57638 1.61164 1.65261 1.73617 1.85263 1.93257 1.96662 1.97318 1.95863 1.91836 1.84902 1.76175 1.69427 1.69603 1.73946 1.75156 1.71292 1.60854 1.46151 1.30931 1.07386 0.74397
1.37097 1.40108 1.44135 1.49083 1.52359 1.45407 1.34608 1.32038 1.39492 1.51046 1.56220 1.45892 1.16269 0.82686 0.62616 0.65954 0.49753 0.10633 0.39253 0.57626 0.75571 0.91286 1.29918 1.52809 1.26503 0.73081 1.10599 1.22947 1.19289 1.10624 1.05503 1.05510 1.09808 1.15765 1.19752 1.21337 1.23410 1.25210 1.28176 1.34036 1.44038 1.56577 1.67386 1.73351 1.75280 1.77030 1.83924 1.93433 1.98339 1.99310 1.98308 1.95476 1.90273 1.81747 1.70041 1.60090 1.56151 1.53389 1.42787 1.11516 0.56558 0.58813 0.76648 0.68436 0.47019
0.56627 0.72353 0.82044 0.87564 0.94991 0.94337 0.86040 0.80836 0.80556 0.86144 0.86608 0.67261 0.60386 0.61976 0.67711 0.78722 0.80846 0.69470 0.65147 0.69838 0.81855 0.98373 1.36750 1.51456 1.37118 0.99176 1.20159 1.24866 1.11902 1.02428 0.99248 0.99942 1.06144 1.14282 1.18049 1.20952 1.26699 1.34052 1.40613 1.46581 1.57555 1.73861 1.85186 1.88898 1.88380 1.87837 1.91337 1.96748 1.99290 1.98631 1.95316 1.88701 1.79133 1.66201 1.47552 1.22616 0.83296 0.40228 0.36851 0.31722 0.45788 0.65919 0.83517 0.83829 0.72901
0.65891 0.58175 0.50730 0.54317 0.66520 0.72065 0.67730 0.55945 0.41045 0.60040 0.75990 0.76012 0.75929 0.76785 0.77001 0.79145 0.81426 0.79153 0.72564 0.70954 0.83685 1.12775 1.45419 1.51619 1.53824 1.70892 1.69735 1.24650 1.05934 1.04931 1.07854 1.08601 1.16833 1.27806 1.31229 1.33726 1.43328 1.55297 1.61865 1.66603 1.77472 1.91507 1.98267 1.98851 1.96836 1.94505 1.93725 1.93994 1.94470 1.92739 1.82892 1.57699 1.23650 0.95391 0.41171 0.16992 0.37747 0.54783 0.66131 0.66378 0.66473 0.75189 0.89757 0.94830 0.90813
0.91322 0.86694 0.80522 0.79462 0.85115 0.86763 0.82138 0.62276 0.19016 0.48874 0.66889 0.75849 0.79954 0.80725 0.79393 0.77016 0.74716 0.76279 0.74478 0.67856 0.84543 1.27332 1.53214 1.63039 1.74704 1.83344 1.72168 0.96823 1.06067 1.24117 1.30345 1.29224 1.40566 1.53274 1.53863 1.53867 1.65376 1.76916 1.80451 1.83265 1.92211 2.01442 2.03893 2.02285 1.99668 1.95860 1.91121 1.86081 1.82109 1.72453 1.23320 0.38684 0.66641 0.80490 0.75780 0.66836 0.66054 0.70247 0.74784 0.76344 0.76562 0.82013 0.95240 1.01648 0.98870
1.01664 0.96859 0.92732 0.92720 0.97915 1.03860 1.08608 0.83702 0.35363 0.56045 0.60096 0.66404 0.75513 0.79832 0.80182 0.79017 0.72973 0.68515 0.69029 0.70502 1.02698 1.46176 1.67725 1.75778 1.78786 1.75528 1.51536 0.35964 1.20785 1.48926 1.49996 1.51893 1.66361 1.74054 1.69296 1.69868 1.82089 1.89166 1.90047 1.93738 1.99677 2.02304 2.00810 1.97911 1.94547 1.88045 1.74931 1.52382 1.15076 0.57695 0.25472 0.49191 0.65511 0.75577 0.79891 0.79437 0.77481 0.77384 0.78103 0.80533 0.85808 0.94100 1.02994 1.06030 1.02856
1.08135 1.02538 0.99069 0.99585 1.05084 1.16082 1.27069 0.93834 0.51713 0.60374 0.55939 0.51236 0.58156 0.69990 0.79482 0.87129 0.89215 0.90609 0.93394 0.95078 1.20111 1.55254 1.73703 1.77391 1.76962 1.69857 1.52320 1.39183 1.67214 1.64369 1.57664 1.63364 1.75776 1.78274 1.70657 1.72130 1.82326 1.82634 1.79175 1.88601 1.99378 1.96351 1.81579 1.65246 1.52581 1.26082 0.45978 0.29389 0.60247 0.62594 0.58037 0.61535 0.67014 0.69830 0.72949 0.79688 0.83725 0.82467 0.81064 0.84366 0.95714 1.07384 1.10769 1.10896 1.15609
1.12774 1.07590 1.04935 1.04810 1.09127 1.20782 1.26321 0.91751 0.54683 0.57383 0.53903 0.47611 0.46123 0.53799 0.71267 0.90151 1.01820 1.09909 1.12861 1.12179 1.24521 1.49839 1.68093 1.76074 1.80522 1.75772 1.75466 1.82857 1.64668 1.19139 1.07174 1.31152 1.36132 1.31436 1.06987 0.92916 1.06172 0.71989 0.93030 1.33991 1.52693 1.29047 0.36437 0.61149 0.85926 0.80956 0.65811 0.64364 0.72522 0.79449 0.71789 0.66080 0.67290 0.67752 0.65170 0.69393 0.80193 0.83571 0.84844 0.90404 1.02470 1.11939 1.13481 1.14711 1.22720
1.17440 1.12593 1.10535 1.10536 1.14660 1.23116 1.21952 0.93949 0.51318 0.50076 0.60929 0.65178 0.59583 0.51617 0.51815 0.80325 1.01875 1.13808 1.18692 1.21537 1.29250 1.44325 1.60906 1.74152 1.84961 1.87635 1.81366 1.51700 0.98731 0.89680 0.88574 0.79498 0.76679 0.75308 0.68830 0.80426 0.87713 0.78649 0.83393 1.09376 1.23890 1.07911 0.81344 0.80414 0.88393 0.86752 0.76799 0.70082 0.70769 0.79061 0.76921 0.67768 0.64931 0.66008 0.62905 0.61496 0.70551 0.79765 0.86938 0.95653 1.05198 1.11181 1.13382 1.16198 1.20792
1.23430 1.17097 1.14429 1.15165 1.19069 1.23363 1.19511 0.98560 0.58281 0.32160 0.52616 0.73894 0.71993 0.61917 0.49392 0.57315 0.91356 1.13056 1.21991 1.26571 1.34018 1.46615 1.61034 1.73837 1.79840 1.71461 1.41242 1.00136 0.88716 0.92739 0.98014 0.98277 0.95905 0.93192 0.85180 0.84048 0.92964 0.93516 0.89254 0.99390 1.13515 1.09581 0.94644 0.86414 0.87498 0.89087 0.83378 0.73452 0.67141 0.69778 0.71047 0.65183 0.61224 0.61895 0.62100 0.60993 0.65369 0.74719 0.86400 0.98602 1.06793 1.10166 1.13355 1.18453 1.24278
1.29701 1.20794 1.16534 1.17635 1.20989 1.23191 1.20975 1.05159 0.69011 0.41679 0.27686 0.62272 0.74219 0.69557 0.56901 0.43117 0.71094 1.10512 1.24991 1.31826 1.41356 1.53984 1.66928 1.75364 1.67560 1.33425 1.00142 0.83611 0.82390 0.87617 0.95281 1.03113 1.01723 0.97512 0.93503 0.89043 0.93280 0.96188 0.91611 0.95443 1.06210 1.06883 0.98572 0.88320 0.84491 0.88815 0.88318 0.77381 0.65368 0.59165 0.58968 0.58231 0.57387 0.57851 0.58967 0.60627 0.64144 0.71107 0.84787 1.00641 1.07696 1.09035 1.14503 1.24464 1.36974
1.35049 1.22445 1.16486 1.18451 1.22495 1.25786 1.26867 1.09875 0.70632 0.56046 0.44112 0.49413 0.68611 0.73403 0.66781 0.48519 0.32936 0.99161 1.25188 1.38008 1.50933 1.64147 1.76839 1.80044 1.56320 0.96347 0.76969 0.73142 0.74229 0.81159 0.88982 1.00958 1.05186 1.00043 0.96629 0.96342 0.95269 0.91597 0.89661 0.93282 0.99878 1.03438 1.01433 0.93735 0.86283 0.85623 0.85062 0.78155 0.66659 0.54167 0.52100 0.53713 0.54228 0.53923 0.53766 0.57323 0.63097 0.70215 0.83944 0.99444 1.05619 1.08143 1.17368 1.31550 1.47013
