data/hillshade.asc
NCOLS 367
NROWS 415
XLLCORNER 712367.5000000000000000
YLLCORNER 9557227.5000000000000000
CELLSIZE 10.0000000000000000
NODATA_VALUE -99999.00000
[rows 116 to 144 of 415, columns 195 to 259 of 367]
1.02298 1.06185 1.11084 1.15809 1.18567 1.18401 1.15305 1.11948 1.09294 1.06998 1.07856 1.11526 1.14924 1.15399 1.12917 1.11718 1.16362 1.24677 1.29993 1.28875 1.24383 1.19697 1.16779 1.21963 1.47439 1.65693 1.35673 0.49852 0.74476 0.74104 0.70471 0.65871 0.61612 0.55677 0.66503 0.98695 1.17337 1.18317 1.15366 1.12155 1.03761 0.96293 0.90338 0.76697 0.62337 0.55008 0.52291 0.56290 1.12153 1.65081 1.71188 1.46458 0.74115 0.54409 0.53722 0.52873 0.55335 0.58903 0.59404 0.57493 0.54489 0.50411 0.40126 0.30326 1.35591
1.03086 1.05673 1.10023 1.14360 1.17264 1.18836 1.19739 1.19130 1.13830 1.06903 1.05151 1.07564 1.10945 1.12372 1.11574 1.11727 1.18738 1.30501 1.33145 1.28189 1.25085 1.24917 1.26984 1.40400 1.68093 1.73480 1.21927 0.45253 0.69938 0.74849 0.75231 0.72368 0.65823 0.57956 0.63424 1.02525 1.20580 1.19330 1.15794 1.12261 1.04347 0.95479 0.86741 0.73752 0.61075 0.53760 0.49171 0.51581 1.18136 1.71604 1.75862 1.43833 0.74462 0.52357 0.49343 0.51293 0.56157 0.59762 0.59315 0.56604 0.52998 0.47866 0.38162 0.56005 1.35162
1.05271 1.06835 1.09724 1.12676 1.15238 1.18561 1.22488 1.23702 1.19334 1.12788 1.08901 1.08952 1.12260 1.16064 1.19351 1.24328 1.33025 1.35812 1.25668 1.19406 1.22936 1.29951 1.40098 1.62289 1.83139 1.78926 0.99105 0.46016 0.65066 0.69472 0.72954 0.75036 0.71475 0.62084 0.55018 1.01050 1.20971 1.23290 1.21017 1.16282 1.08354 0.96871 0.85071 0.72175 0.60695 0.54574 0.51853 0.63943 1.33037 1.74782 1.69758 1.31482 0.71135 0.50037 0.45639 0.51386 0.57883 0.61131 0.60000 0.56634 0.52830 0.47083 0.40577 0.74615 1.39739
1.09471 1.09246 1.10128 1.11161 1.13027 1.18666 1.26171 1.29103 1.26380 1.21491 1.16641 1.15453 1.19838 1.26040 1.31667 1.36855 1.38624 1.26716 1.06328 1.05084 1.20668 1.38775 1.59780 1.81632 1.91689 1.79066 0.36399 0.54028 0.63320 0.64705 0.68085 0.73016 0.74058 0.67469 0.41502 0.90299 1.21475 1.28717 1.26151 1.19802 1.11509 0.98140 0.85970 0.73233 0.62290 0.59632 0.65908 0.88611 1.33260 1.63465 1.58765 1.34138 0.85162 0.46407 0.43389 0.50880 0.58439 0.62221 0.61751 0.58197 0.53722 0.46855 0.38756 0.86529 1.50756
1.15067 1.13539 1.12775 1.12126 1.14062 1.24035 1.34799 1.37427 1.34288 1.29701 1.26091 1.26966 1.32818 1.39191 1.43424 1.44137 1.37041 1.16589 0.92820 0.97600 1.32397 1.62975 1.83185 1.93868 1.93135 1.63712 0.33296 0.62225 0.64026 0.61954 0.64400 0.69803 0.72988 0.69699 0.44180 0.67564 1.19579 1.30226 1.25791 1.20335 1.12844 0.99005 0.86924 0.74459 0.64835 0.65168 0.76946 1.01575 1.33412 1.57799 1.62345 1.46362 0.91696 0.35168 0.40986 0.50223 0.57974 0.62321 0.62831 0.59590 0.54131 0.45788 0.34782 1.01145 1.62806
1.22780 1.20974 1.20557 1.21667 1.26998 1.38607 1.46058 1.45618 1.42089 1.38833 1.38035 1.41781 1.47924 1.52938 1.55499 1.54159 1.46097 1.29299 1.14577 1.30953 1.68726 1.87612 1.95017 1.95472 1.84093 1.15042 0.49879 0.65756 0.65740 0.62109 0.63093 0.67028 0.69317 0.65360 0.44548 0.55816 1.12716 1.25298 1.24600 1.23725 1.12295 0.95581 0.84806 0.72727 0.64864 0.66705 0.80650 1.07180 1.36598 1.57623 1.65693 1.55890 0.88249 0.24869 0.42798 0.52232 0.58641 0.62248 0.63039 0.60313 0.54041 0.44241 0.41029 1.20040 1.69154
1.32905 1.31993 1.33275 1.37136 1.44379 1.51434 1.53246 1.51743 1.50149 1.49643 1.51714 1.56216 1.61778 1.66187 1.68200 1.67589 1.63980 1.58603 1.60097 1.74482 1.91333 1.97746 1.96217 1.87694 1.57527 0.74904 0.57900 0.63870 0.64105 0.61893 0.62569 0.65192 0.66448 0.61854 0.44237 0.60388 1.06235 1.20624 1.27902 1.26750 1.04273 0.87223 0.81826 0.67514 0.59199 0.62451 0.78125 1.08491 1.38766 1.56156 1.61696 1.49900 0.92739 0.28028 0.45647 0.56059 0.61070 0.63534 0.63749 0.61007 0.53901 0.44087 0.59258 1.33220 1.72224
1.44343 1.44189 1.46500 1.50756 1.55525 1.58068 1.58536 1.58861 1.59864 1.62093 1.65899 1.70958 1.76114 1.78725 1.79273 1.79004 1.78024 1.77008 1.79863 1.87333 1.95070 1.97835 1.92313 1.71061 0.96985 0.62562 0.61358 0.60958 0.60570 0.60057 0.61771 0.63590 0.64439 0.60572 0.44577 0.64764 1.01674 1.16720 1.26322 1.23221 1.04088 0.88052 0.79117 0.61667 0.50907 0.53957 0.71788 1.06268 1.37554 1.52364 1.54487 1.42534 1.08287 0.44881 0.41685 0.58231 0.64596 0.66536 0.65800 0.62225 0.53689 0.44473 0.78626 1.44114 1.74685
1.54235 1.54857 1.57661 1.61502 1.64469 1.65525 1.65930 1.67401 1.70321 1.75200 1.80880 1.85817 1.88050 1.87651 1.86435 1.85798 1.85112 1.84065 1.84757 1.87799 1.91123 1.91951 1.84419 1.31323 0.39039 0.55547 0.59098 0.58743 0.57999 0.58986 0.61148 0.61556 0.61326 0.58440 0.47012 0.63184 0.99122 1.16323 1.24535 1.22664 1.11223 0.95928 0.78772 0.60391 0.46834 0.45633 0.62663 1.00877 1.33706 1.47658 1.49455 1.42466 1.23034 0.71932 0.33511 0.57832 0.67390 0.69702 0.68248 0.64019 0.54194 0.42061 0.94545 1.50920 1.74188
1.61203 1.62900 1.66172 1.69858 1.72032 1.72549 1.73090 1.75069 1.79195 1.85600 1.91679 1.94659 1.94088 1.91595 1.89073 1.87446 1.85096 1.81144 1.76877 1.74359 1.73668 1.70998 1.48080 0.24773 0.48177 0.57857 0.58640 0.58167 0.58298 0.59575 0.60314 0.59192 0.58696 0.57277 0.50289 0.64310 1.05094 1.21803 1.25331 1.22605 1.13960 0.99667 0.81925 0.66113 0.52361 0.45149 0.53854 0.93689 1.28876 1.42806 1.47937 1.47809 1.38294 0.98865 0.28624 0.55898 0.68250 0.71503 0.69743 0.64353 0.54363 0.35150 0.99731 1.52584 1.72364
1.66407 1.68829 1.72463 1.75842 1.77650 1.78241 1.79228 1.81460 1.86045 1.92590 1.97765 1.98260 1.95187 1.90509 1.85740 1.80583 1.73130 1.59682 1.36524 1.17605 1.15204 1.12434 0.82696 0.52121 0.57584 0.59704 0.58437 0.58133 0.58688 0.58804 0.57906 0.57970 0.60132 0.58059 0.47052 0.72870 1.20090 1.24394 1.20706 1.16177 1.09428 0.97930 0.84371 0.74731 0.65551 0.56378 0.56586 0.86969 1.21848 1.39276 1.49895 1.54175 1.48370 1.16236 0.36842 0.53541 0.69041 0.73149 0.71023 0.63102 0.51154 0.34599 0.96441 1.53845 1.73285
1.70415 1.73531 1.77698 1.81117 1.82910 1.83727 1.84837 1.87020 1.91883 1.97487 1.99832 1.97386 1.91193 1.81887 1.68504 1.49496 1.28897 0.96412 0.69531 0.75180 0.82142 0.88440 0.85864 0.70638 0.61781 0.59559 0.58227 0.58395 0.58351 0.56783 0.54638 0.56056 0.61388 0.60033 0.35970 0.90647 1.14405 1.10844 1.08590 1.03338 0.98458 0.91986 0.84045 0.79255 0.74824 0.68630 0.67496 0.86203 1.15677 1.37021 1.50379 1.55082 1.49502 1.22699 0.56028 0.48779 0.69022 0.75333 0.73319 0.64267 0.49373 0.41878 1.03174 1.56531 1.75721
1.73212 1.77765 1.82877 1.86194 1.87465 1.87973 1.89021 1.91177 1.95137 1.98088 1.96379 1.90327 1.78009 1.52830 1.02581 0.79704 0.86597 0.74690 0.68450 0.75089 0.78529 0.80931 0.86169 0.81960 0.69787 0.62959 0.60570 0.59398 0.58195 0.56564 0.55354 0.54867 0.55860 0.56940 0.40866 0.82082 1.07247 1.10239 1.03383 0.89849 0.85225 0.83982 0.79107 0.77094 0.77547 0.75047 0.74065 0.85893 1.10762 1.33641 1.46844 1.50472 1.45067 1.25851 0.79007 0.42837 0.66160 0.74468 0.74584 0.66353 0.48130 0.44588 1.11855 1.58748 1.77290
1.74891 1.81900 1.87762 1.90014 1.89797 1.89317 1.90223 1.92025 1.93533 1.92735 1.87038 1.74860 1.47077 0.75529 0.28334 0.55747 0.77544 0.78889 0.72797 0.75032 0.77792 0.77752 0.82247 0.85157 0.77858 0.68918 0.64871 0.61612 0.59302 0.59365 0.59972 0.58347 0.55029 0.53734 0.48467 0.74262 1.15821 1.23117 1.08583 0.83985 0.73667 0.73882 0.69652 0.67652 0.72104 0.73253 0.72561 0.80441 1.04759 1.29980 1.41247 1.43836 1.41077 1.31025 1.04503 0.45655 0.62646 0.70679 0.73116 0.66955 0.47017 0.43558 1.16477 1.60280 1.77927
1.77140 1.86646 1.91678 1.91818 1.89042 1.86466 1.86804 1.87653 1.85827 1.79980 1.69189 1.49383 0.96783 0.17711 0.40885 0.51134 0.61190 0.72984 0.70527 0.68672 0.69208 0.67257 0.68792 0.76414 0.77355 0.68202 0.63803 0.60576 0.57795 0.58128 0.58322 0.56730 0.54870 0.52057 0.43149 0.60416 1.23949 1.29537 1.13043 0.88793 0.73014 0.69018 0.65656 0.61008 0.61233 0.62319 0.63936 0.73227 0.98758 1.24040 1.33487 1.37347 1.38507 1.33940 1.16517 0.65331 0.60595 0.68202 0.70428 0.65324 0.46122 0.46635 1.21853 1.63755 1.80312
1.79445 1.89317 1.92693 1.90678 1.83927 1.77536 1.75528 1.71435 1.59511 1.43349 1.33033 1.16240 0.55175 0.26479 0.48257 0.51954 0.43624 0.38190 0.41230 0.37205 0.37855 0.38348 0.36222 0.31854 0.39998 0.44729 0.47151 0.47043 0.51013 0.54182 0.48149 0.42367 0.43763 0.41020 0.25670 0.52236 1.12291 1.18597 1.07704 0.92961 0.83403 0.81297 0.80569 0.73606 0.60992 0.56325 0.59908 0.70629 0.91852 1.12209 1.22330 1.30248 1.35599 1.33089 1.16097 0.76139 0.55844 0.67189 0.70577 0.64717 0.45071 0.55358 1.31899 1.69743 1.83836
1.75680 1.84642 1.87034 1.83192 1.69508 1.53005 1.43447 1.29955 1.12298 1.02422 1.02921 1.01111 0.72335 0.12737 0.66671 0.85908 0.86975 0.79942 0.73441 0.74284 0.74032 0.80244 0.92698 1.02712 0.94997 0.87199 0.89092 0.83589 0.80421 0.88160 0.97957 0.94261 0.81605 0.63949 0.31293 0.24820 0.79119 0.97612 0.99094 0.94800 0.93226 0.97040 1.01793 0.95003 0.72998 0.65707 0.69896 0.77671 0.89366 1.01272 1.11310 1.24435 1.35392 1.34861 1.18512 0.79890 0.48502 0.65530 0.71453 0.66021 0.44817 0.64318 1.41274 1.74492 1.86256
1.55202 1.63509 1.64846 1.53317 1.16383 0.81941 0.80225 0.84585 0.89987 0.95410 1.00474 1.06272 1.01359 0.56355 0.73142 1.07893 1.18960 1.25821 1.30184 1.31569 1.28785 1.24436 1.26575 1.33004 1.32970 1.32148 1.33416 1.29063 1.23465 1.25404 1.28718 1.22467 1.15520 1.10400 0.90313 0.46734 0.33635 0.68512 0.85792 0.91046 0.97048 1.08749 1.17080 1.08220 0.84484 0.77096 0.84114 0.92445 0.98899 1.01453 1.08464 1.24314 1.37990 1.39622 1.25768 0.78352 0.42743 0.62959 0.69034 0.65256 0.45789 0.70280 1.48076 1.77857 1.87705
1.13211 1.24309 1.26581 1.13679 0.89734 0.72043 0.66942 0.68850 0.79078 0.93765 1.05576 1.12228 1.16673 1.13402 0.67410 0.91696 1.17058 1.25999 1.33231 1.39630 1.36825 1.29099 1.27403 1.32383 1.36644 1.42002 1.43368 1.39646 1.35378 1.32946 1.29055 1.21326 1.18737 1.17270 1.06493 0.87316 0.62938 0.34995 0.44921 0.69420 0.89707 1.11942 1.19743 1.10928 0.90174 0.80462 0.91805 1.07330 1.13036 1.10137 1.13140 1.26452 1.38611 1.41643 1.31440 0.81272 0.42991 0.63318 0.66547 0.62700 0.45862 0.73459 1.55178 1.80128 1.85964
0.81493 0.98334 1.04201 1.01096 0.94882 0.88843 0.80873 0.73454 0.77611 0.91555 1.03733 1.10013 1.24600 1.38288 1.13887 0.34581 0.56082 0.77623 1.01840 1.21104 1.23291 1.22183 1.21949 1.21729 1.29163 1.39235 1.40571 1.38442 1.35579 1.31976 1.25762 1.17968 1.17383 1.18975 1.15143 1.08156 1.02016 0.97493 0.81122 0.37742 0.36068 0.95151 1.11438 1.09056 0.88929 0.73999 0.92459 1.18228 1.22976 1.19132 1.19896 1.27935 1.36155 1.38520 1.31101 0.89277 0.48641 0.63749 0.65068 0.59825 0.43160 0.76022 1.61199 1.78882 1.78517
0.70004 0.88047 0.97217 0.98463 0.97560 0.96899 0.91898 0.83260 0.83322 0.94133 1.04237 1.13293 1.38322 1.58361 1.45919 0.22552 0.20877 0.10698 0.24909 0.56583 0.87528 1.09421 1.12744 1.08665 1.14434 1.25010 1.29214 1.31399 1.30941 1.29356 1.25158 1.20663 1.22103 1.25259 1.24162 1.20943 1.20927 1.23187 1.20535 1.12264 0.97356 0.73086 0.92532 0.97386 0.77005 0.61011 0.88243 1.21484 1.26327 1.23124 1.22925 1.27099 1.31304 1.31301 1.21978 0.88942 0.58431 0.61031 0.61980 0.55928 0.38022 0.80254 1.59925 1.71199 1.65591
0.64814 0.81303 0.95067 0.98654 0.97535 0.96190 0.92819 0.90100 0.95211 1.08378 1.18408 1.35705 1.65688 1.78653 1.60474 0.17931 0.36090 0.29297 0.55106 0.50968 0.28258 0.76012 0.93100 0.95261 0.96636 1.04899 1.10999 1.16148 1.20716 1.23962 1.23798 1.22798 1.25850 1.29052 1.28053 1.27005 1.29589 1.32439 1.31895 1.30759 1.30423 1.25925 1.06368 0.70101 0.48198 0.47793 0.84911 1.16681 1.22676 1.20924 1.20860 1.23045 1.24178 1.21045 1.08494 0.84723 0.64860 0.57839 0.56510 0.50909 0.34835 0.81099 1.48868 1.59145 1.55978
0.61744 0.73212 0.91101 0.98226 0.96762 0.92647 0.88742 0.94432 1.16630 1.38808 1.52624 1.70014 1.85429 1.86687 1.54677 0.19640 0.52483 0.13431 0.60161 0.76636 0.65444 0.08449 0.50729 0.71865 0.76792 0.83780 0.87038 0.95882 1.09483 1.19037 1.23182 1.24405 1.26935 1.27488 1.26130 1.28695 1.34113 1.38364 1.40156 1.41784 1.43736 1.42073 1.32121 1.07084 0.72421 0.60308 0.78722 1.02589 1.11261 1.12636 1.14091 1.15718 1.14804 1.09770 0.98466 0.81723 0.65975 0.56462 0.52252 0.46480 0.36057 0.79498 1.35648 1.51298 1.55384
0.58797 0.62585 0.83027 0.97631 0.99762 0.99451 1.02536 1.27768 1.64523 1.79778 1.86933 1.93064 1.94931 1.86877 1.44772 0.13788 0.65067 0.42628 0.32333 0.73709 0.82932 0.62753 0.21345 0.14613 0.38035 0.51298 0.51880 0.68684 0.97277 1.15325 1.23085 1.25481 1.26149 1.23719 1.23049 1.28260 1.35752 1.42029 1.45752 1.47977 1.48641 1.45527 1.38283 1.25899 1.09234 0.92900 0.81182 0.82062 0.90775 0.97091 1.01498 1.03623 1.02437 0.98203 0.90793 0.79074 0.65041 0.54380 0.48385 0.41900 0.35284 0.79310 1.30663 1.51109 1.59184
0.54493 0.50945 0.69009 0.95383 1.08697 1.26869 1.54112 1.80988 1.92889 1.95879 1.97322 1.98797 1.96317 1.84359 1.40127 0.29137 0.65884 0.56542 0.26394 0.56241 0.82013 0.81037 0.67355 0.54559 0.45539 0.42358 0.36356 0.16619 0.60808 0.97912 1.11152 1.16697 1.18856 1.18657 1.20548 1.26628 1.35514 1.43272 1.46900 1.47743 1.46370 1.42292 1.36864 1.29570 1.20149 1.08794 0.94384 0.75139 0.64486 0.70813 0.79876 0.85353 0.86810 0.85701 0.82203 0.74237 0.61948 0.50004 0.41667 0.33005 0.26027 0.84593 1.33846 1.53185 1.60923
0.44104 0.41590 0.54188 0.92050 1.25357 1.55301 1.75639 1.85217 1.87585 1.88854 1.89361 1.90255 1.88273 1.75958 1.29107 0.34559 0.64763 0.63491 0.38823 0.37471 0.68627 0.79723 0.78835 0.78644 0.80246 0.79211 0.75350 0.64558 0.27004 0.39790 0.74802 0.92584 1.02640 1.09808 1.16807 1.24099 1.33216 1.40318 1.41304 1.39875 1.37932 1.35688 1.32874 1.28529 1.22517 1.15189 1.04650 0.86917 0.61170 0.42514 0.47307 0.58546 0.66324 0.70251 0.70863 0.66537 0.55823 0.42042 0.29919 0.16496 0.25542 0.95973 1.37631 1.53713 1.60711
0.23679 0.38715 0.69817 1.12316 1.50529 1.72687 1.79605 1.75900 1.71206 1.73945 1.77503 1.77537 1.73797 1.60908 1.12600 0.26596 0.64584 0.69482 0.50589 0.35048 0.52327 0.69278 0.76800 0.82930 0.89253 0.93368 0.95469 0.94619 0.79436 0.38698 0.34534 0.54897 0.73821 0.93780 1.12470 1.23998 1.29317 1.29231 1.26935 1.26975 1.29178 1.31033 1.30073 1.26742 1.22470 1.17753 1.10830 0.98871 0.79669 0.53126 0.26843 0.22790 0.36359 0.48113 0.55709 0.56952 0.47815 0.32310 0.17409 0.07895 0.47597 1.05923 1.38845 1.52361 1.59160
0.56055 0.97833 1.32814 1.58121 1.77314 1.86488 1.83198 1.71542 1.65162 1.70044 1.72054 1.65892 1.61637 1.52478 1.14427 0.20691 0.70525 0.79890 0.66548 0.41084 0.41787 0.56851 0.70021 0.80869 0.89851 0.98189 1.06655 1.08289 0.96216 0.73985 0.51442 0.38017 0.31483 0.50436 1.00071 1.22972 1.20575 1.12726 1.13754 1.20180 1.29047 1.32509 1.29847 1.25187 1.21413 1.18618 1.14621 1.07277 0.95491 0.78361 0.56194 0.31882 0.10466 0.14404 0.31710 0.44496 0.41080 0.25644 0.16482 0.24614 0.62013 1.07076 1.31206 1.42853 1.51120
1.29965 1.58029 1.73106 1.83132 1.91670 1.95502 1.91045 1.80502 1.75884 1.78053 1.73404 1.65942 1.64978 1.57039 1.29079 0.41230 0.79803 0.92448 0.85582 0.64613 0.47726 0.48727 0.59838 0.76957 0.92104 1.03512 1.13306 1.09685 0.96566 0.85825 0.75107 0.64512 0.57117 0.48360 0.25568 0.94364 1.03137 1.05871 1.17221 1.29955 1.40221 1.38072 1.30093 1.23497 1.20198 1.19478 1.17653 1.13170 1.05903 0.95633 0.82317 0.66993 0.51217 0.35716 0.25146 0.32682 0.31740 0.18725 0.16185 0.31905 0.65648 0.99381 1.17045 1.28688 1.39935
