data/hillshade.asc
NCOLS 367
NROWS 415
XLLCORNER 712367.5000000000000000
YLLCORNER 9557227.5000000000000000
CELLSIZE 10.0000000000000000
NODATA_VALUE -99999.00000
[rows 232 to 260 of 415, columns 65 to 129 of 367]
0.89605 0.89555 0.90088 0.94355 0.99906 1.01535 0.98398 0.94652 0.94720 0.95924 0.88381 0.76291 0.74553 0.75761 0.72095 0.70835 0.78122 0.93853 1.14020 1.27033 1.26796 1.19818 0.97202 0.55748 0.29763 0.26237 0.31207 0.31617 0.31502 0.37359 0.55548 0.77019 0.85049 0.77277 0.68402 0.65631 0.66969 0.78223 1.02732 1.13945 0.98351 0.76775 0.75462 1.00325 1.21474 1.20251 0.95745 0.19479 0.38420 0.36100 0.45769 0.56525 0.60393 0.60435 0.60505 0.61026 0.62132 0.69990 0.81845 0.66224 0.14272 0.70879 0.94241 1.02556 0.69494
0.83042 0.83514 0.87391 0.95425 1.02906 1.04766 1.00686 0.94713 0.89752 0.85157 0.79287 0.72682 0.70432 0.71887 0.72108 0.75539 0.84546 0.94729 1.12108 1.29751 1.35379 1.30626 1.12081 0.81686 0.54494 0.40735 0.34517 0.28681 0.25744 0.30155 0.46262 0.70507 0.78573 0.69780 0.65089 0.66142 0.72356 0.92259 1.20373 1.27092 1.04531 0.87832 0.93283 1.14502 1.31388 1.35869 1.25041 0.46213 0.54042 0.50426 0.46219 0.47964 0.48166 0.44692 0.48656 0.60238 0.68234 0.76168 0.82843 0.75688 0.43474 0.16977 0.81360 0.99190 0.89414
0.74444 0.75279 0.82595 0.93293 1.00136 1.01381 0.98912 0.93267 0.83633 0.75500 0.72297 0.68338 0.64698 0.64390 0.67038 0.78787 0.92582 0.97970 1.15693 1.35145 1.40160 1.34826 1.19161 0.95136 0.73560 0.58557 0.47477 0.36816 0.28743 0.29928 0.37252 0.56992 0.66707 0.64016 0.62833 0.64743 0.78158 1.15067 1.43078 1.35028 1.01069 0.96258 1.09844 1.22484 1.33237 1.38022 1.26923 0.26153 0.56286 0.58069 0.44069 0.35027 0.29988 0.23386 0.32612 0.51305 0.63885 0.69575 0.74353 0.76656 0.69177 0.51451 0.52179 0.84788 1.05306
0.60617 0.63828 0.73769 0.86286 0.93147 0.95119 0.95532 0.91925 0.78410 0.64776 0.62179 0.60459 0.55328 0.52006 0.56948 0.76402 0.93653 1.03639 1.21634 1.36554 1.40154 1.35120 1.20224 0.99826 0.84023 0.72059 0.61329 0.50562 0.40415 0.37066 0.38518 0.46956 0.54163 0.54523 0.53394 0.54024 0.83992 1.39054 1.52926 1.35135 1.10079 1.08712 1.14689 1.17898 1.22291 1.22117 1.04635 0.54056 0.53482 0.60144 0.37720 0.05447 0.17025 0.19300 0.24731 0.40163 0.53749 0.58993 0.64532 0.74045 0.80824 0.83461 0.75376 0.46590 1.00242
0.37287 0.47159 0.59637 0.73628 0.83337 0.88555 0.92111 0.90519 0.76430 0.57996 0.49186 0.45894 0.39632 0.34352 0.44282 0.69612 0.90876 1.06769 1.22833 1.33455 1.36564 1.31922 1.18047 1.00799 0.88417 0.79402 0.70483 0.60644 0.51040 0.45250 0.43570 0.45498 0.46909 0.42246 0.30383 0.35906 1.21619 1.58747 1.54555 1.35571 1.19640 1.12967 1.09325 1.06575 1.06697 1.04660 0.90499 0.60702 0.42294 0.60485 0.58977 0.30667 0.09439 0.14984 0.23606 0.35537 0.47277 0.53922 0.60791 0.71962 0.83238 0.91908 0.94448 0.66799 0.72959
0.09847 0.21158 0.37937 0.55507 0.70861 0.82065 0.88380 0.86813 0.75459 0.59713 0.45365 0.35053 0.25933 0.23100 0.36436 0.60663 0.84107 1.03347 1.18925 1.28932 1.32838 1.28855 1.14891 0.97132 0.86931 0.81902 0.75168 0.65696 0.56354 0.50111 0.47088 0.46275 0.44840 0.36370 0.28469 1.00066 1.53310 1.62114 1.48920 1.29754 1.15498 1.07459 1.02398 0.98085 0.96249 0.94456 0.86709 0.65047 0.16549 0.54657 0.59953 0.35220 0.13840 0.22455 0.33657 0.42361 0.49008 0.54721 0.62980 0.74266 0.85358 0.94568 1.02303 0.99428 0.73904
0.33064 0.12812 0.08282 0.29306 0.52519 0.72621 0.83289 0.82456 0.74505 0.65923 0.57527 0.46478 0.32800 0.26875 0.34668 0.53013 0.75007 0.95972 1.13427 1.25217 1.30302 1.26208 1.09591 0.88193 0.80860 0.81036 0.76526 0.67130 0.57920 0.52265 0.49548 0.48916 0.50830 0.57262 0.86243 1.35658 1.56270 1.49674 1.29159 1.11657 1.01808 0.98051 0.96563 0.95086 0.94265 0.93462 0.92861 0.84992 0.29305 0.43294 0.48685 0.36397 0.27732 0.28310 0.43031 0.53994 0.55845 0.59690 0.69193 0.80223 0.89785 0.98298 1.06470 1.12334 1.09206
0.57158 0.40416 0.23084 0.05221 0.21797 0.54463 0.74110 0.76199 0.72694 0.72378 0.74186 0.70371 0.54425 0.41691 0.42908 0.53993 0.70959 0.90480 1.09336 1.22721 1.28074 1.23308 1.04798 0.80388 0.72305 0.75417 0.72656 0.64552 0.56884 0.52441 0.51078 0.53261 0.63556 0.86419 1.19146 1.43448 1.45348 1.20903 0.95726 0.86960 0.84667 0.88060 0.92923 0.96076 0.98446 1.02511 1.09148 1.06089 0.46273 0.31614 0.46615 0.40425 0.31621 0.25682 0.44865 0.61322 0.63820 0.67716 0.78100 0.88207 0.94529 1.00495 1.07696 1.14576 1.15478
0.72549 0.59868 0.46183 0.32192 0.13396 0.20637 0.51175 0.63465 0.68808 0.75986 0.84467 0.85588 0.73363 0.59577 0.56140 0.61581 0.73998 0.91220 1.09445 1.22788 1.27660 1.21764 1.03428 0.80117 0.66384 0.64393 0.62207 0.57399 0.53158 0.50749 0.50836 0.56090 0.74148 1.04437 1.30716 1.39993 1.25472 0.91948 0.77052 0.73845 0.69932 0.78459 0.90677 0.97343 1.01588 1.07367 1.11818 1.01229 0.55618 0.33517 0.46514 0.41558 0.26858 0.20388 0.39250 0.59939 0.69159 0.76724 0.87067 0.94954 0.98279 1.02369 1.10573 1.18832 1.20535
0.81753 0.71718 0.60014 0.47569 0.34033 0.16149 0.24566 0.43666 0.57954 0.73402 0.86809 0.90193 0.82637 0.71549 0.65320 0.67443 0.78590 0.96180 1.14149 1.26658 1.30694 1.23401 1.04675 0.81983 0.63495 0.54067 0.50767 0.49162 0.48147 0.47656 0.48624 0.55302 0.79133 1.14375 1.32488 1.29080 1.11324 0.94557 0.89476 0.85893 0.70493 0.66782 0.82441 0.92102 0.97418 1.03835 1.06575 0.94695 0.60395 0.32026 0.42883 0.45210 0.26482 0.09975 0.31446 0.54806 0.70842 0.82769 0.93059 0.99713 1.02530 1.06214 1.16437 1.28811 1.31344
0.87503 0.79581 0.69090 0.57014 0.46335 0.35816 0.26748 0.27584 0.34211 0.56334 0.82273 0.88929 0.84554 0.76466 0.69104 0.69114 0.81574 1.03136 1.22628 1.33435 1.34733 1.24586 1.04558 0.82510 0.61369 0.47405 0.43465 0.43812 0.44513 0.44905 0.46580 0.56155 0.85020 1.17894 1.25140 1.13348 1.02040 1.00639 1.06159 1.10081 0.93316 0.58205 0.59663 0.76700 0.87352 0.97374 1.03783 0.96342 0.67778 0.26888 0.35066 0.55709 0.47491 0.19409 0.21785 0.49237 0.70894 0.86674 0.98305 1.05686 1.08748 1.12769 1.24439 1.34808 1.27230
0.92005 0.86205 0.78066 0.67972 0.58872 0.51514 0.44077 0.37597 0.28071 0.10384 0.57480 0.76548 0.78981 0.75815 0.69657 0.68153 0.83367 1.11994 1.31541 1.38186 1.35508 1.21975 1.02470 0.83584 0.60383 0.43896 0.40672 0.41889 0.43086 0.43924 0.47625 0.61995 0.90348 1.11717 1.10306 0.96934 0.93023 1.02952 1.14784 1.18530 1.04977 0.75264 0.60595 0.68538 0.80110 0.92962 1.03158 1.00825 0.82096 0.46939 0.14571 0.60622 0.56238 0.34654 0.24010 0.47162 0.72419 0.90922 1.05047 1.15111 1.20568 1.25390 1.33877 1.35209 1.14360
0.95824 0.92229 0.87513 0.81390 0.74040 0.66478 0.59500 0.53269 0.46660 0.29948 0.12857 0.48623 0.64131 0.68968 0.68713 0.71144 0.90222 1.19397 1.34886 1.37927 1.31779 1.17503 1.02331 0.86481 0.61938 0.43579 0.40094 0.41370 0.43066 0.45036 0.51552 0.67712 0.88477 0.99298 0.96080 0.87718 0.88599 1.03618 1.18399 1.22084 1.10331 0.86196 0.69572 0.70384 0.79126 0.90371 0.99816 1.01397 0.94405 0.82527 0.46538 0.32081 0.52824 0.43225 0.31525 0.51728 0.77251 0.95646 1.13294 1.26983 1.34165 1.38421 1.40469 1.25981 0.88125
0.98740 0.97233 0.94740 0.91037 0.85042 0.76925 0.69046 0.61575 0.53345 0.39987 0.14160 0.18886 0.43357 0.57542 0.66471 0.77378 0.98482 1.21375 1.32966 1.34055 1.25991 1.13054 1.01173 0.86820 0.64941 0.45888 0.39897 0.40708 0.43647 0.47690 0.56520 0.71773 0.84889 0.87296 0.83839 0.83072 0.89943 1.06472 1.22167 1.26992 1.14803 0.86302 0.69094 0.71397 0.78946 0.86038 0.92612 0.97241 0.99419 0.99151 0.81267 0.39527 0.48336 0.45414 0.31590 0.58946 0.83264 1.01945 1.24480 1.37520 1.40326 1.39424 1.31464 0.91309 0.54448
1.00520 1.00432 0.98321 0.94031 0.87658 0.80338 0.72736 0.64262 0.54961 0.43951 0.26868 0.07415 0.24166 0.44305 0.62029 0.80705 1.01953 1.19485 1.28137 1.27114 1.17851 1.07128 0.98917 0.87927 0.69048 0.47974 0.39026 0.38920 0.43643 0.52375 0.62246 0.77139 0.85116 0.75258 0.70177 0.77617 0.92880 1.12455 1.28092 1.32174 1.15993 0.78735 0.59828 0.67074 0.75930 0.78538 0.83106 0.90402 0.98728 1.03233 0.91751 0.58311 0.43236 0.41566 0.22856 0.58605 0.89581 1.15334 1.37214 1.41129 1.33322 1.22590 1.06731 0.78964 0.63574
1.00850 1.01729 0.99409 0.93951 0.87129 0.80969 0.74459 0.66086 0.56516 0.46488 0.33743 0.17944 0.12667 0.30370 0.54609 0.80248 1.01481 1.14448 1.19609 1.17417 1.10211 1.03584 0.99427 0.92603 0.75663 0.50185 0.39348 0.38230 0.42854 0.58002 0.72388 0.88337 0.87517 0.61977 0.55608 0.71085 0.95294 1.17236 1.31765 1.32520 1.13216 0.76743 0.53576 0.57027 0.65579 0.68051 0.72806 0.82318 0.95063 1.04393 0.99846 0.74235 0.43206 0.33936 0.18377 0.54216 0.98625 1.29176 1.41672 1.33052 1.11118 0.91175 0.81619 0.78636 0.77726
0.98640 1.00175 0.98226 0.93549 0.88408 0.83524 0.77968 0.70232 0.60545 0.50283 0.38511 0.25688 0.15072 0.18775 0.43233 0.75603 0.97206 1.05851 1.08300 1.07961 1.06119 1.04119 1.02503 0.99422 0.85466 0.55982 0.42724 0.41750 0.46410 0.63485 0.82581 0.95500 0.86527 0.61692 0.53976 0.69410 0.96339 1.21025 1.34152 1.30073 1.09772 0.79868 0.55143 0.48180 0.52196 0.56038 0.61127 0.72852 0.89253 1.02389 1.03597 0.87706 0.58237 0.33823 0.22255 0.54914 1.03551 1.34838 1.42485 1.23168 0.79552 0.63229 0.63734 0.70468 0.80003
0.92484 0.93262 0.93049 0.92072 0.90610 0.87880 0.83666 0.77419 0.68199 0.56252 0.42833 0.30230 0.20923 0.17091 0.32816 0.65545 0.87826 0.95392 0.97484 1.00520 1.04195 1.06084 1.05746 1.03312 0.91124 0.65454 0.48634 0.46306 0.52856 0.69896 0.86627 0.91767 0.83809 0.71733 0.67238 0.79402 1.03879 1.26738 1.34951 1.26207 1.06281 0.80827 0.56197 0.43063 0.42005 0.45201 0.47970 0.58528 0.79901 0.98247 1.03718 0.95322 0.74689 0.47141 0.33368 0.59951 1.09688 1.42778 1.45805 1.03553 0.51049 0.54133 0.56925 0.61332 0.72221
0.84609 0.83979 0.85902 0.88873 0.90740 0.90783 0.88883 0.85092 0.77527 0.64176 0.47828 0.33798 0.25781 0.21807 0.29157 0.54696 0.76208 0.85958 0.89948 0.95446 1.02624 1.06426 1.06012 1.01959 0.90870 0.72690 0.54937 0.47888 0.54801 0.75197 0.88410 0.85841 0.79412 0.76901 0.81338 0.95753 1.15693 1.30409 1.31072 1.19087 1.02042 0.80736 0.55752 0.39259 0.35186 0.38066 0.40147 0.44401 0.65960 0.92718 1.05061 1.03298 0.90302 0.69677 0.59303 0.80819 1.21497 1.44698 1.32937 0.68929 0.47155 0.54726 0.60551 0.62584 0.67094
0.79767 0.78769 0.81194 0.85263 0.88747 0.90944 0.91471 0.90004 0.84479 0.72288 0.54742 0.38838 0.29733 0.24521 0.27957 0.46283 0.65823 0.78532 0.85937 0.92644 0.99319 1.02880 1.02871 0.99099 0.90244 0.76686 0.59865 0.47606 0.52015 0.77773 0.87130 0.78719 0.72891 0.77589 0.92806 1.10583 1.23805 1.29084 1.23854 1.12586 1.00808 0.82887 0.55999 0.38221 0.32922 0.33791 0.37313 0.40731 0.58687 0.89491 1.08705 1.13621 1.08443 0.96762 0.90542 1.02197 1.23259 1.29619 0.96458 0.50564 0.47224 0.50810 0.58862 0.66816 0.69636
0.78383 0.77116 0.78728 0.82118 0.86132 0.89818 0.91881 0.91661 0.88425 0.80386 0.65945 0.46838 0.31096 0.21255 0.20608 0.35716 0.55125 0.71514 0.83024 0.90273 0.94204 0.96407 0.98084 0.97130 0.90927 0.79741 0.64780 0.51756 0.53505 0.73990 0.80787 0.74290 0.70074 0.79134 1.02406 1.20643 1.27562 1.24907 1.16564 1.08365 1.00987 0.85634 0.59320 0.40227 0.34131 0.33191 0.35899 0.42843 0.62581 0.92601 1.14229 1.23683 1.23552 1.15526 1.07164 1.08564 1.13320 0.98336 0.51487 0.42971 0.45792 0.45241 0.48560 0.60617 0.68505
0.79309 0.77342 0.77247 0.79508 0.83637 0.88681 0.91806 0.91867 0.90626 0.87165 0.80100 0.66372 0.47726 0.30227 0.12209 0.17546 0.39793 0.62489 0.80044 0.88281 0.87509 0.87155 0.93036 0.97592 0.94022 0.81684 0.66725 0.56895 0.58452 0.69982 0.76308 0.75237 0.75453 0.87174 1.09198 1.24504 1.26524 1.17588 1.08042 1.02873 0.98396 0.87021 0.65899 0.45316 0.35504 0.33375 0.35836 0.46099 0.69175 0.97886 1.18506 1.28566 1.29031 1.20354 1.09606 1.05101 0.96011 0.56917 0.29215 0.40148 0.42315 0.39849 0.39520 0.50058 0.62134
0.84459 0.81651 0.79188 0.79202 0.83176 0.89883 0.94301 0.93367 0.90963 0.91478 0.94768 0.94708 0.86254 0.69917 0.45115 0.13933 0.17916 0.48264 0.74784 0.87207 0.81314 0.75347 0.88743 1.03370 1.01097 0.82321 0.62888 0.55341 0.59082 0.68000 0.74987 0.78450 0.82719 0.94546 1.12147 1.23646 1.20443 1.06452 0.97929 0.96740 0.96140 0.89595 0.72399 0.50855 0.36616 0.31738 0.34292 0.48079 0.75080 1.01962 1.19490 1.27522 1.26977 1.19110 1.09694 1.02947 0.86800 0.36018 0.25906 0.37917 0.38496 0.35729 0.35068 0.43376 0.55978
0.96784 0.92078 0.87104 0.84291 0.87954 0.97513 1.03738 1.02995 0.99632 1.02993 1.15823 1.24286 1.20377 1.05324 0.82553 0.51823 0.13683 0.26501 0.61823 0.81443 0.80729 0.75839 0.92991 1.16308 1.09555 0.78488 0.51752 0.44527 0.52739 0.64619 0.74583 0.82006 0.87864 0.97676 1.11904 1.20676 1.14496 0.99272 0.91441 0.91954 0.95978 0.94746 0.78904 0.56640 0.40012 0.29902 0.29964 0.46272 0.77936 1.03214 1.17671 1.24261 1.23961 1.17532 1.08492 1.02543 0.91896 0.49927 0.29615 0.40420 0.40044 0.35731 0.33847 0.40767 0.52926
1.12316 1.06308 1.00680 0.97634 1.03566 1.16465 1.23095 1.23349 1.25524 1.32972 1.42271 1.45256 1.35785 1.19230 1.01781 0.81889 0.51970 0.09653 0.36956 0.66262 0.79932 0.90890 1.11600 1.21536 1.03492 0.72022 0.43017 0.23901 0.32421 0.55737 0.72610 0.84743 0.92241 1.00918 1.14258 1.22568 1.13776 0.97245 0.88751 0.89531 0.97061 0.99442 0.83831 0.62724 0.49146 0.35845 0.30332 0.44349 0.75987 1.00765 1.14937 1.21967 1.22806 1.15722 1.02780 0.95939 0.91636 0.71472 0.43282 0.39268 0.40880 0.37294 0.34155 0.39635 0.51801
1.22813 1.18844 1.18658 1.24368 1.34749 1.44991 1.46658 1.43034 1.44054 1.46938 1.48257 1.43672 1.29689 1.15914 1.05788 0.96600 0.81194 0.50639 0.19654 0.46347 0.70923 0.92778 1.12878 1.17776 1.08229 0.89358 0.64335 0.18650 0.27389 0.48810 0.68834 0.86064 0.97915 1.09694 1.25846 1.31045 1.10893 0.92963 0.87934 0.89297 0.95364 0.97808 0.86889 0.70326 0.58713 0.47430 0.39676 0.48904 0.74721 0.98462 1.13645 1.22781 1.25144 1.14279 0.88536 0.76354 0.82476 0.81617 0.62035 0.36148 0.38332 0.37773 0.34328 0.37626 0.50018
1.27608 1.28939 1.38330 1.51817 1.59723 1.63321 1.55155 1.39114 1.27503 1.22555 1.18681 1.12005 1.07953 1.04304 1.02403 1.02313 0.98513 0.81756 0.49839 0.31461 0.52065 0.78580 1.03506 1.17442 1.17481 1.08608 0.97645 0.59977 0.49544 0.53785 0.65762 0.87106 1.03136 1.21857 1.37618 1.28397 0.98859 0.88921 0.89591 0.88812 0.90051 0.92733 0.89761 0.79658 0.66257 0.53613 0.47200 0.55080 0.76962 1.00411 1.17115 1.27524 1.29907 1.13758 0.64778 0.45928 0.67281 0.86557 0.82767 0.36126 0.34964 0.39353 0.35914 0.34630 0.45638
1.30667 1.39372 1.54733 1.62775 1.60589 1.52198 1.24229 0.94990 0.77491 0.71045 0.67164 0.70055 0.82722 0.91530 0.96879 1.03087 1.05970 1.00801 0.86309 0.53840 0.23845 0.52590 0.90819 1.12854 1.13072 1.06204 0.98006 0.79980 0.63740 0.58261 0.63804 0.85400 1.05570 1.27424 1.36987 1.23650 1.00974 0.93018 0.93922 0.90156 0.86424 0.89962 0.93905 0.88298 0.72006 0.53097 0.45522 0.55684 0.80079 1.05913 1.23101 1.31477 1.30577 1.11461 0.54211 0.38393 0.53414 0.87361 1.03946 0.66731 0.34690 0.41511 0.39253 0.31629 0.34715
1.31783 1.44032 1.53234 1.46786 1.31547 1.08255 0.81126 0.72966 0.66251 0.58440 0.51717 0.53289 0.67816 0.81750 0.91279 1.00920 1.09217 1.14238 1.14450 1.03885 0.70015 0.12807 0.56670 0.89924 0.95062 0.93891 0.92262 0.85477 0.73482 0.63684 0.64089 0.82726 1.08576 1.29178 1.33495 1.23302 1.07919 0.99420 0.98033 0.96385 0.95429 0.99800 1.03362 0.94734 0.74206 0.45707 0.33601 0.47683 0.80871 1.11690 1.25712 1.28589 1.22838 1.00780 0.57993 0.48163 0.52530 0.82587 1.08626 0.92229 0.51021 0.35628 0.37745 0.32266 0.18554
