data/hillshade.asc
NCOLS 367
NROWS 415
XLLCORNER 712367.5000000000000000
YLLCORNER 9557227.5000000000000000
CELLSIZE 10.0000000000000000
NODATA_VALUE -99999.00000
[rows 87 to 115 of 415, columns 0 to 64 of 367]
1.73478 1.76991 1.83207 1.85880 1.85659 1.83549 1.80059 1.75083 1.68379 1.59891 1.50317 1.41717 1.35743 1.32742 1.32635 1.34961 1.39006 1.44859 1.53112 1.63087 1.73247 1.82404 1.88713 1.92246 1.94777 1.96930 1.97738 1.97081 1.96423 1.96615 1.97550 1.99645 2.02953 2.05383 2.05660 2.04213 2.01072 1.95690 1.91201 1.91416 1.94289 1.96823 1.97891 1.97633 1.97109 1.97687 1.99969 2.02227 2.01991 1.99549 1.97455 1.96559 1.96634 1.98074 2.00895 2.04357 2.07596 2.10975 2.13613 2.13348 2.09926 2.04021 1.98207 1.92525 1.84880
1.79312 1.83536 1.89148 1.90003 1.88003 1.84698 1.80058 1.73893 1.66189 1.57138 1.47933 1.40747 1.36164 1.34480 1.35686 1.39583 1.45307 1.52505 1.60507 1.69061 1.77501 1.83827 1.86900 1.88807 1.91775 1.94790 1.96450 1.97035 1.97671 1.98780 2.00361 2.02762 2.05571 2.06948 2.06021 2.03309 1.99163 1.93963 1.90878 1.92443 1.96576 1.99636 2.00517 1.99581 1.98239 1.98151 1.99557 2.00571 1.98920 1.95888 1.94979 1.96348 1.98737 2.01469 2.04545 2.07726 2.10642 2.13115 2.13973 2.11128 2.05096 1.97546 1.90096 1.82262 1.70287
1.85447 1.89223 1.92397 1.91252 1.88333 1.84666 1.79678 1.73125 1.65123 1.56285 1.48155 1.42351 1.39177 1.38436 1.40639 1.45167 1.51316 1.58227 1.64865 1.71626 1.78428 1.82344 1.82877 1.84199 1.88510 1.93081 1.96307 1.98272 1.99780 2.01306 2.03222 2.05438 2.07194 2.07322 2.05233 2.01552 1.97705 1.94633 1.93474 1.96183 2.00490 2.02788 2.02565 2.00343 1.97827 1.96882 1.97186 1.97252 1.95909 1.94716 1.95661 1.98642 2.01902 2.04354 2.06624 2.09090 2.11493 2.12809 2.11626 2.06889 1.98972 1.89717 1.80089 1.68612 1.49690
1.88720 1.90404 1.90190 1.88214 1.86366 1.83748 1.79160 1.72674 1.65052 1.57292 1.50791 1.46311 1.43600 1.42929 1.45345 1.49215 1.54582 1.60416 1.65849 1.71841 1.77275 1.79481 1.79357 1.81418 1.86857 1.93092 1.97546 2.00157 2.01750 2.03179 2.05009 2.06967 2.08193 2.07521 2.04132 1.99688 1.97698 1.97325 1.97416 1.99880 2.03022 2.04218 2.02911 1.99531 1.96427 1.95060 1.94692 1.95126 1.96276 1.97696 1.99429 2.02244 2.04579 2.05783 2.06865 2.08264 2.10110 2.10881 2.08081 2.01408 1.91734 1.80163 1.66522 1.47924 1.18794
1.85807 1.85627 1.83081 1.82387 1.83561 1.82826 1.78727 1.72546 1.66066 1.60261 1.55562 1.51557 1.47964 1.47140 1.49237 1.52416 1.56674 1.61805 1.67897 1.74455 1.79096 1.80652 1.80580 1.82409 1.88131 1.95136 1.99695 2.01964 2.02953 2.03796 2.05362 2.07239 2.08343 2.07403 2.03406 1.99165 1.98840 1.99679 2.00143 2.01591 2.03100 2.03252 2.01391 1.98186 1.95823 1.94739 1.94174 1.95666 1.99493 2.02255 2.03419 2.04355 2.04892 2.05077 2.05573 2.06326 2.07958 2.09573 2.05398 1.95022 1.82293 1.66391 1.43940 1.13771 0.76804
1.67681 1.68304 1.70049 1.75682 1.81396 1.82442 1.78570 1.72754 1.68331 1.64714 1.60687 1.56113 1.52201 1.52419 1.56300 1.60223 1.63399 1.68078 1.75328 1.82202 1.85904 1.86665 1.85965 1.86825 1.92131 1.98360 2.01646 2.02846 2.02827 2.02817 2.04231 2.06131 2.07088 2.06088 2.03235 2.00824 2.00575 2.00780 2.00958 2.01584 2.01820 2.00878 1.98915 1.97191 1.96837 1.96884 1.96474 1.97848 2.01617 2.04513 2.05201 2.04473 2.03531 2.02928 2.02959 2.06349 2.09942 2.11258 2.03201 1.86093 1.68162 1.42060 1.03345 0.65934 0.43000
1.30396 1.36418 1.50936 1.67186 1.79252 1.82877 1.78967 1.73672 1.72499 1.70421 1.65950 1.60829 1.57704 1.60906 1.68727 1.72934 1.74201 1.77880 1.85743 1.91904 1.93870 1.93547 1.92432 1.92329 1.95315 1.99299 2.01519 2.01836 2.00887 2.00797 2.02657 2.04639 2.05493 2.04944 2.03709 2.02659 2.01944 2.01244 2.00869 2.00774 1.99790 1.97819 1.96408 1.96596 1.98206 1.99710 1.99605 1.98901 2.00493 2.03569 2.04738 2.03692 2.02330 2.01602 2.01247 2.07265 2.12575 2.09641 1.93424 1.64728 1.36344 0.92187 0.44613 0.28502 0.34864
1.18049 1.26601 1.41261 1.57301 1.73303 1.81431 1.79172 1.77248 1.79722 1.77379 1.71703 1.66365 1.65010 1.72479 1.82369 1.84265 1.82764 1.86421 1.95164 1.99723 1.99490 1.98288 1.97332 1.96014 1.94961 1.95876 1.98217 1.99259 1.99482 2.01080 2.03490 2.05369 2.05858 2.05410 2.04757 2.03911 2.02623 2.01097 2.00022 1.99056 1.96989 1.94689 1.94244 1.95806 1.98396 2.00459 1.99819 1.97000 1.97847 2.01974 2.03837 2.03008 2.01189 1.99809 2.00047 2.05458 2.07173 1.94157 1.61852 1.17439 0.79364 0.34777 0.02199 0.25102 0.38478
1.14844 1.24064 1.38173 1.51485 1.65261 1.74206 1.79791 1.85570 1.87612 1.83708 1.77451 1.72658 1.73375 1.83277 1.91762 1.90915 1.87637 1.91757 2.00207 2.02815 2.00834 1.99621 1.99252 1.96548 1.91868 1.90830 1.94547 1.98840 2.02459 2.05443 2.07055 2.07826 2.07521 2.06672 2.05778 2.04661 2.02767 2.00390 1.98404 1.96512 1.94260 1.92788 1.93027 1.94805 1.97225 1.98650 1.97210 1.94827 1.97684 2.02738 2.04274 2.02426 1.98694 1.94964 1.93248 1.94474 1.88842 1.64975 1.27813 0.67767 0.27893 0.15950 0.23043 0.33912 0.42521
1.12298 1.21797 1.36576 1.49572 1.60888 1.68691 1.77143 1.88626 1.92728 1.88034 1.82468 1.78820 1.79950 1.88268 1.94396 1.92400 1.89254 1.93804 2.00214 2.00547 1.98028 1.98442 1.98912 1.95645 1.90616 1.90309 1.95618 2.02379 2.07912 2.10133 2.09592 2.08625 2.07908 2.07142 2.06180 2.04776 2.02444 1.99623 1.97204 1.95077 1.93449 1.92893 1.93211 1.94495 1.96793 1.98684 1.98152 1.97471 2.01712 2.05726 2.05103 2.00732 1.93563 1.85780 1.80184 1.76120 1.67534 1.48667 1.13429 0.49738 0.03100 0.25229 0.35301 0.40461 0.44889
1.10354 1.20301 1.36029 1.48709 1.57977 1.63801 1.69364 1.77181 1.83967 1.84604 1.82939 1.81626 1.82608 1.88661 1.92749 1.90394 1.88555 1.93313 1.97659 1.96832 1.96200 1.99225 2.00177 1.97047 1.93190 1.94324 2.01081 2.07595 2.10992 2.11041 2.08638 2.06290 2.05792 2.06043 2.05673 2.04372 2.02241 1.99903 1.97743 1.95822 1.94839 1.94735 1.94657 1.95395 1.98498 2.02680 2.04189 2.03018 2.04329 2.05549 2.02518 1.94884 1.82253 1.69382 1.61866 1.57536 1.51516 1.32108 0.83267 0.26430 0.15745 0.32624 0.42724 0.45507 0.44930
1.08572 1.19054 1.34682 1.45850 1.53148 1.56918 1.59286 1.61379 1.61060 1.61792 1.70044 1.78297 1.83845 1.88236 1.90383 1.89297 1.90182 1.94726 1.97376 1.96915 1.98890 2.02933 2.03297 2.00077 1.96435 1.97033 2.04552 2.11064 2.11905 2.09174 2.04455 2.00369 2.01142 2.03807 2.04770 2.04105 2.02787 2.01501 2.00034 1.98322 1.97197 1.96816 1.96361 1.96897 2.01079 2.07198 2.09831 2.06413 1.99686 1.95083 1.89570 1.76184 1.54748 1.38153 1.31663 1.28341 1.18570 0.83649 0.28415 0.19810 0.30889 0.37392 0.44949 0.49092 0.46438
1.05866 1.16318 1.31631 1.41896 1.48122 1.50639 1.50859 1.49764 1.48189 1.48868 1.53940 1.65769 1.83167 1.90955 1.93518 1.93968 1.94984 1.98099 2.00870 2.01667 2.02841 2.05323 2.05617 2.02661 1.97536 1.95261 2.02372 2.11170 2.12385 2.07611 1.98250 1.91849 1.95849 2.01782 2.04187 2.04285 2.03925 2.03869 2.03169 2.01152 1.99318 1.98376 1.97441 1.97917 2.02062 2.07114 2.07482 1.99585 1.79919 1.61500 1.43736 1.12745 0.80387 0.64538 0.60090 0.59002 0.48105 0.23155 0.25651 0.37711 0.45240 0.46365 0.47721 0.50797 0.50440
1.02363 1.12817 1.28678 1.38854 1.44385 1.46138 1.45099 1.43120 1.43415 1.46477 1.50686 1.58117 1.71385 1.88424 1.96803 2.00230 1.99486 1.98990 2.03091 2.06073 2.06102 2.07253 2.08195 2.04997 1.97488 1.92844 2.00385 2.10576 2.10035 2.00506 1.87436 1.84313 1.92883 2.01067 2.04468 2.05059 2.05453 2.06572 2.06550 2.03809 2.00252 1.97604 1.95561 1.95333 1.97635 1.98684 1.90331 1.57480 0.90204 0.49465 0.39348 0.42345 0.44179 0.44298 0.47407 0.52515 0.53314 0.50138 0.49335 0.50428 0.53941 0.56715 0.56460 0.56506 0.55195
1.00090 1.10620 1.26343 1.36204 1.42043 1.43912 1.42423 1.40880 1.43168 1.47273 1.49539 1.52714 1.58371 1.66202 1.79034 1.95990 2.01453 1.98196 2.01819 2.06547 2.08058 2.08721 2.09034 2.07014 2.02427 1.98751 2.02869 2.06634 1.98188 1.80040 1.70886 1.79637 1.93435 2.02599 2.06950 2.07518 2.07359 2.08945 2.08956 2.04933 1.97844 1.91248 1.87101 1.84883 1.82108 1.71304 1.32802 0.70741 0.48616 0.47875 0.52483 0.58178 0.62793 0.65679 0.67351 0.67873 0.66704 0.64950 0.63193 0.60700 0.59201 0.60647 0.60909 0.59716 0.57909
1.00681 1.10489 1.24172 1.33801 1.41236 1.43166 1.41630 1.41585 1.44631 1.46819 1.45875 1.46113 1.49615 1.52786 1.59963 1.75844 1.84296 1.79061 1.90811 2.02455 2.05990 2.05125 2.03674 2.03868 2.06166 2.07770 2.05993 1.95718 1.72032 1.54665 1.58350 1.81149 1.98320 2.07005 2.12013 2.11246 2.07416 2.07416 2.06779 2.00223 1.86101 1.71906 1.63165 1.53593 1.31627 0.77139 0.36720 0.45689 0.52868 0.58083 0.62272 0.65977 0.70018 0.73714 0.75792 0.75085 0.72449 0.70433 0.69396 0.68155 0.64713 0.61984 0.60554 0.58819 0.57305
1.02169 1.10930 1.22637 1.31929 1.38695 1.39357 1.38768 1.40593 1.43623 1.44057 1.41234 1.40587 1.43990 1.47308 1.53910 1.57159 1.40891 1.26729 1.50982 1.78082 1.82328 1.72317 1.72643 1.76177 1.77759 1.82594 1.85807 1.58986 1.31228 1.33861 1.54038 1.91801 2.07663 2.11664 2.15041 2.11408 1.99929 1.94896 1.91677 1.75208 1.39115 1.07094 0.83176 0.51777 0.15517 0.24313 0.42976 0.54015 0.60002 0.63594 0.66218 0.68781 0.72121 0.76086 0.78663 0.78151 0.75525 0.73047 0.71384 0.70397 0.68148 0.63720 0.59961 0.57730 0.56474
1.02882 1.09746 1.18739 1.25819 1.30554 1.31461 1.33034 1.36962 1.40664 1.40205 1.36408 1.35476 1.38225 1.41051 1.43271 1.36900 1.24117 1.26303 1.44320 1.50196 1.32317 1.22594 1.29244 1.28183 1.29695 1.38267 1.39168 1.18271 0.81982 1.26405 1.63646 2.07278 2.17279 2.13665 2.08051 1.94871 1.63341 1.46809 1.29626 0.85023 0.42122 0.22999 0.23881 0.33645 0.42316 0.49123 0.55794 0.62058 0.66739 0.68849 0.69361 0.70445 0.72561 0.75927 0.78664 0.78581 0.76815 0.75139 0.73562 0.71540 0.68877 0.64858 0.61073 0.59133 0.58471
1.01013 1.05572 1.12337 1.17709 1.21340 1.22990 1.25984 1.31679 1.36846 1.36933 1.33296 1.31259 1.31215 1.30661 1.29567 1.26045 1.24698 1.34354 1.46079 1.38516 1.22139 1.23795 1.27318 1.21256 1.20746 1.30346 1.39159 1.42690 1.33939 1.42295 1.84072 2.12804 2.15354 2.05516 1.65602 0.71178 0.22019 0.29263 0.41695 0.42777 0.42445 0.44611 0.48962 0.53629 0.56587 0.58446 0.61961 0.66986 0.71818 0.73956 0.73039 0.72622 0.73639 0.75483 0.77369 0.77500 0.76622 0.76465 0.76569 0.74690 0.70484 0.65634 0.61881 0.60517 0.61293
1.00337 1.04714 1.11277 1.14815 1.16122 1.16438 1.19509 1.27029 1.34772 1.36716 1.34282 1.31137 1.26235 1.19528 1.18927 1.26444 1.36012 1.46775 1.49840 1.34336 1.23081 1.31877 1.34126 1.27415 1.25637 1.33550 1.45174 1.55584 1.57747 1.60928 1.94742 2.09599 2.02506 1.51933 0.15670 0.17833 0.24162 0.39656 0.47670 0.49995 0.51003 0.53315 0.57273 0.61227 0.63389 0.63138 0.64701 0.69078 0.74285 0.77210 0.76443 0.75619 0.76355 0.76657 0.76592 0.76592 0.76548 0.77331 0.78596 0.77709 0.73865 0.68051 0.61897 0.59086 0.61478
1.01356 1.07722 1.16331 1.18204 1.15718 1.13764 1.17200 1.26000 1.34792 1.37527 1.36551 1.34048 1.27095 1.17082 1.18559 1.34392 1.46732 1.53183 1.50205 1.37328 1.32078 1.39871 1.41783 1.37480 1.35767 1.41786 1.53162 1.62477 1.61515 1.63250 1.84660 1.98628 1.84151 0.69352 0.20186 0.20555 0.20889 0.36336 0.47285 0.53496 0.56269 0.57741 0.60296 0.63956 0.67332 0.67192 0.66124 0.68344 0.73668 0.76919 0.76797 0.76920 0.78334 0.78332 0.77225 0.77106 0.77813 0.78952 0.79978 0.79647 0.77992 0.74748 0.67352 0.59640 0.61342
1.02944 1.12017 1.22950 1.23629 1.18987 1.15793 1.19123 1.26953 1.33987 1.36849 1.37403 1.36882 1.33467 1.28830 1.32004 1.43258 1.50423 1.52539 1.49665 1.44294 1.44220 1.49307 1.51139 1.48362 1.46989 1.51446 1.60397 1.66911 1.64846 1.63834 1.74826 1.86888 1.67775 0.40677 0.40314 0.32851 0.21559 0.31522 0.44376 0.53772 0.59213 0.60628 0.61123 0.63325 0.66456 0.67993 0.66001 0.65351 0.69866 0.73000 0.72898 0.74248 0.77140 0.77679 0.77075 0.78208 0.80209 0.81675 0.81544 0.80775 0.81131 0.82379 0.78712 0.68746 0.66131
1.07302 1.19107 1.30103 1.28842 1.24367 1.21743 1.23372 1.27853 1.32352 1.35155 1.37413 1.39925 1.41438 1.42608 1.43399 1.44691 1.49761 1.55231 1.57517 1.56078 1.55891 1.58483 1.58860 1.55982 1.54596 1.56226 1.62034 1.67595 1.66565 1.66707 1.77634 1.83273 1.55942 0.25893 0.44476 0.40447 0.33909 0.37350 0.45566 0.52897 0.58527 0.60700 0.60082 0.60608 0.61520 0.62304 0.61353 0.60501 0.64341 0.67877 0.68946 0.72509 0.75869 0.75693 0.76182 0.79296 0.82602 0.83918 0.82776 0.81449 0.82033 0.83761 0.81875 0.75680 0.72186
1.16802 1.26711 1.35140 1.33216 1.30017 1.28281 1.28102 1.29129 1.31355 1.34265 1.38157 1.42622 1.45890 1.47367 1.45254 1.44778 1.53412 1.64451 1.68665 1.65997 1.64471 1.64632 1.62654 1.59824 1.58797 1.58295 1.62583 1.67661 1.69086 1.76215 1.86687 1.85079 1.51247 0.13872 0.44476 0.42510 0.40743 0.44779 0.49959 0.53035 0.54891 0.56372 0.56270 0.56160 0.54700 0.52851 0.53538 0.55976 0.60822 0.65324 0.67295 0.72270 0.77462 0.77725 0.78272 0.82081 0.84751 0.84111 0.82270 0.81414 0.81358 0.80347 0.77686 0.75194 0.74760
1.23847 1.27280 1.34811 1.35544 1.34389 1.33247 1.31973 1.31089 1.32013 1.34814 1.38973 1.43162 1.46201 1.47481 1.46754 1.49240 1.58561 1.67925 1.70193 1.68339 1.67746 1.66814 1.64290 1.62781 1.62392 1.61647 1.65194 1.70175 1.75770 1.85573 1.91895 1.85868 1.41889 0.18922 0.49138 0.47224 0.44543 0.48753 0.53327 0.53852 0.51889 0.50511 0.51012 0.52181 0.51578 0.50377 0.52835 0.54775 0.57003 0.60734 0.63203 0.67281 0.74433 0.78530 0.81239 0.85629 0.87036 0.84197 0.81108 0.79629 0.78796 0.76713 0.73516 0.71552 0.73246
1.26349 1.25896 1.32683 1.36328 1.37473 1.37245 1.35972 1.34658 1.34761 1.36599 1.39671 1.43104 1.46927 1.50020 1.51555 1.54454 1.60356 1.65056 1.66282 1.67443 1.69152 1.70118 1.70291 1.71232 1.71632 1.71247 1.73823 1.79199 1.85212 1.90092 1.90319 1.78781 1.24994 0.21774 0.55081 0.57940 0.50627 0.50620 0.54240 0.54448 0.52014 0.49000 0.48651 0.51260 0.53582 0.54093 0.54716 0.53543 0.51731 0.53192 0.55312 0.55407 0.59536 0.66249 0.74549 0.84204 0.86815 0.83661 0.79905 0.76751 0.75023 0.74271 0.72525 0.71110 0.73765
1.31393 1.27287 1.31166 1.37121 1.40744 1.41831 1.41132 1.39961 1.39147 1.39559 1.41466 1.44944 1.49982 1.54231 1.56586 1.58982 1.61777 1.63532 1.64566 1.67082 1.71305 1.76737 1.82358 1.86333 1.86390 1.85658 1.87956 1.92259 1.93448 1.91442 1.86446 1.71089 1.24856 0.12028 0.56941 0.71286 0.69677 0.62201 0.58740 0.56110 0.54128 0.52681 0.52324 0.54641 0.57621 0.58675 0.58162 0.54549 0.49634 0.49260 0.51384 0.49169 0.41838 0.41401 0.48584 0.67369 0.77175 0.78107 0.75945 0.72308 0.70844 0.72057 0.72731 0.72940 0.76944
1.37454 1.31369 1.31583 1.38947 1.44627 1.47045 1.47237 1.46050 1.44029 1.42679 1.43599 1.47419 1.53011 1.57758 1.60961 1.63143 1.63957 1.63324 1.63059 1.65652 1.72736 1.83208 1.92106 1.96302 1.95839 1.95232 1.97307 1.99457 1.96901 1.91346 1.85035 1.71674 1.36115 0.25249 0.57639 0.78661 0.83070 0.78753 0.70424 0.62315 0.58296 0.58591 0.59405 0.60411 0.61522 0.61156 0.60243 0.58822 0.55735 0.55691 0.58817 0.59369 0.52401 0.43235 0.32614 0.32688 0.51402 0.62946 0.66511 0.64787 0.65065 0.67652 0.69727 0.71502 0.78330
1.43063 1.35918 1.34042 1.42236 1.49417 1.52516 1.52563 1.50554 1.46989 1.43543 1.43796 1.48266 1.54604 1.60486 1.65029 1.67516 1.67155 1.63788 1.60750 1.63562 1.74553 1.88937 1.97113 1.98677 1.97270 1.96630 1.97838 1.98037 1.94746 1.90455 1.86071 1.76249 1.49011 0.60258 0.64606 0.88911 0.95706 0.91141 0.80978 0.70971 0.64788 0.64710 0.66129 0.66395 0.65478 0.62703 0.59221 0.58322 0.60484 0.64744 0.69047 0.70083 0.65854 0.58699 0.50655 0.38610 0.31811 0.38511 0.49696 0.55127 0.57630 0.58848 0.60689 0.63102 0.72949
